2160.000000000000000000
0.001000000047497451
0.001000000047497451
0.001000000047497451
0.001000000047497451
0.001000000047497451
0.001000000047497451
0.001000000047497451
0.001000000047497451
0.001000000047497451
0.001000000047497451
-0.256898522377014160
-0.256898522377014160
-0.256898522377014160
-0.256898522377014160
-0.256898522377014160
-0.430298447608947754
0.591812193393707275
-1.138612985610961914
0.025757048279047012
-0.557977795600891113
0.477225214242935181
-0.955654680728912354
0.948204517364501953
-0.949060022830963135
0.732666075229644775
0.492278635501861572
-0.426049083471298218
0.727677702903747559
-0.842935323715209961
0.417932599782943726
-0.037947740405797958
0.526649415493011475
-1.372161984443664551
0.557726383209228516
0.026171997189521790
-1.443461298942565918
-0.011238757520914078
-1.476223111152648926
0.112762846052646637
-1.260526180267333984
-0.174698814749717712
-0.633202672004699707
-0.613154530525207520
2.020613908767700195
-1.018566489219665527
2.178121566772460938
-1.664603829383850098
0.720027565956115723
-0.788054466247558594
0.965942919254302978
-0.555215775966644287
0.435000896453857422
0.817357540130615234
-0.129665225744247437
2.358038425445556640
-1.326584935188293457
1.584681987762451172
-1.803311824798583984
0.945735335350036621
-0.555102944374084473
0.952168166637420654
-0.493991106748580933
0.215407013893127441
0.680254817008972168
-0.416533291339874268
2.251613616943359375
-2.492447853088378906
1.913723349571228027
-2.346599340438842774
-0.128806099295616150
-0.463931500911712646
-0.330410629510879517
0.947694420814514160
-0.629777133464813232
2.393749475479125976
-1.360902786254882812
0.496835172176361084
-1.426007509231567383
-0.385958880186080933
-0.549242019653320312
-0.308991879224777222
-0.685262203216552734
0.055851154029369354
-0.464028716087341309
-1.074563026428222656
0.925854146480560303
-2.009515047073364258
0.548640131950378418
-1.337316274642944336
0.090746007859706879
-0.862678229808807373
0.277812331914901733
0.008246118202805519
-0.406344652175903320
-0.287606686353683472
0.491136819124221802
0.813654005527496338
-0.893570959568023682
-0.420906633138656616
-0.099244579672813416
0.750825703144073486
-1.090889930725097656
1.714900374412536621
-1.150060653686523438
1.668191909790039062
-1.178109169006347656
1.111422538757324219
-0.447990417480468750
0.386873096227645874
-0.017895545810461044
-0.377149939537048340
0.737275779247283936
-1.400077462196350098
1.362645387649536133
-1.337833166122436524
0.756115019321441650
-0.001384648494422436
0.366929680109024048
-0.336115717887878418
-0.624943435192108154
-0.012445372529327869
-0.353735476732254028
0.941455900669097900
-0.632337093353271484
0.097732514142990112
-1.223871946334838867
0.477462142705917358
-0.851220965385437012
0.386846840381622314
-0.045505747199058533
0.260159313678741455
0.593047916889190674
-0.970100104808807373
0.411370456218719482
-0.363716363906860352
0.875444173812866211
-0.655409038066864014
0.324948459863662720
-0.937629461288452148
1.134786128997802734
0.608663558959960938
-0.409993767738342285
-0.177396878600120544
0.830396771430969238
0.001000000047497451
0.001000000047497451
0.001000000047497451
0.001000000047497451
0.001000000047497451
0.001000000047497451
0.001000000047497451
0.001000000047497451
0.001000000047497451
0.001000000047497451
-1.166645407676696777
-1.166645407676696777
-1.166645407676696777
-1.166645407676696777
-1.166645407676696777
1.370269775390625000
0.353849709033966064
0.691936612129211426
-0.358838021755218506
0.466261804103851318
-0.314088165760040283
1.163782477378845215
-1.096716761589050293
2.393337726593017578
-2.330905675888061524
1.278080344200134277
-0.626243710517883301
0.518197059631347656
-0.369320154190063477
-0.559677839279174805
0.267769187688827515
-0.933101356029510498
2.429191350936889648
-2.169264793395996094
2.869922399520874024
-2.096623182296752930
0.912970006465911865
-0.168582811951637268
0.380938053131103516
0.900658607482910156
-0.237382978200912476
1.073172330856323242
-1.204903960227966309
1.718149542808532715
-0.358610302209854126
0.020288234576582909
0.093516156077384949
-1.090784072875976562
-1.157276272773742676
-0.514557301998138428
-1.444319844245910644
-0.100914984941482544
-1.056537032127380371
0.126592859625816345
-0.657895088195800781
-0.157923221588134766
0.371832817792892456
-0.353580594062805176
0.417745739221572876
0.049506254494190216
0.544203281402587891
-0.099643521010875702
0.461122602224349976
-0.257307499647140503
0.526689291000366211
0.612179160118103027
-0.285855382680892944
0.302526623010635376
0.348703861236572266
0.527436614036560059
0.044364586472511292
0.776060879230499268
-0.386814832687377930
0.826433002948760986
-0.075601942837238312
0.418169438838958740
0.780350804328918457
-0.217536866664886475
0.473273396492004395
-1.109750747680664062
0.005583537742495537
-1.358150243759155274
0.227328941226005554
-0.974772274494171143
0.419132351875305176
0.265332609415054321
0.700338602066040039
-0.544084429740905762
1.034832000732421875
-0.665352821350097656
0.822990179061889648
-0.321738868951797485
1.325300812721252441
-0.451653957366943359
0.729574441909790039
-0.203552544116973877
1.740256428718566894
-0.082689687609672546
-0.626774907112121582
0.915246903896331787
-1.438916563987731934
1.321672916412353516
-0.488347202539443970
0.862692236900329590
-0.461528211832046509
1.360407471656799316
-0.431779652833938599
1.170221924781799316
0.039554994553327560
-0.109594419598579407
1.250805974006652832
-0.496966063976287842
0.447111308574676514
-0.198879286646842957
0.908114790916442871
-0.230641126632690430
1.018378734588623047
-1.143645524978637695
1.277003765106201172
-0.582808911800384522
0.787920594215393066
-1.223507523536682129
0.243028551340103149
-0.565120160579681396
0.199236780405044556
-0.147614344954490662
-0.513745307922363281
0.292297631502151489
-0.566088795661926270
0.646272003650665283
-0.453168123960494995
-0.529937684535980225
0.213090449571609497
0.314547508955001831
-0.953790068626403809
0.663522720336914062
0.157524466514587402
0.035735033452510834
1.080735445022583008
-0.536857485771179199
0.302754491567611694
0.169367700815200806
-0.230122923851013184
1.790766119956970215
0.001000000047497451
0.001000000047497451
0.001000000047497451
0.001000000047497451
0.001000000047497451
0.001000000047497451
0.001000000047497451
0.001000000047497451
0.001000000047497451
0.001000000047497451
-1.820123672485351562
-1.820123672485351562
-1.820123672485351562
-1.820123672485351562
-1.820123672485351562
-2.996828556060791016
1.091156244277954102
0.215536445379257202
0.435721814632415772
1.004809617996215820
-0.488752156496047974
0.991892039775848389
-0.149562180042266846
1.151918530464172363
-0.515530586242675781
-0.573714435100555420
1.346819162368774414
-0.401456177234649658
1.267358899116516113
0.052006136626005173
0.972843825817108154
-0.360531747341156006
1.890955090522766113
-0.384905397891998291
0.178202211856842041
1.112099528312683106
-0.089056238532066345
1.004208326339721680
-0.033997885882854462
0.976823389530181885
0.204120844602584839
1.893709659576416016
0.280566692352294922
0.583083987236022949
1.127273678779602051
-0.345477312803268433
1.148624777793884277
-0.554876744747161865
1.537925601005554199
-0.850408613681793213
0.919562757015228272
-0.270360320806503296
0.492020815610885620
-0.879891753196716309
0.831688523292541504
-0.067059122025966644
-0.190914213657379150
0.639532208442687988
-0.972436547279357910
1.030307292938232422
-0.949948310852050781
1.823059916496276856
-0.872717797756195068
0.969854235649108887
-0.568397164344787598
2.156447172164916992
-1.002949476242065430
1.431324601173400879
-0.660051703453063965
0.074729301035404205
1.899793624877929688
-1.489046692848205566
1.400056838989257812
-1.200859069824218750
-0.115915268659591675
-0.995176255702972412
1.073826074600219727
-0.144186109304428101
0.172492295503616333
0.522183239459991455
-0.513153076171875000
0.663532972335815430
-0.833792328834533691
0.393904328346252441
-1.139581203460693359
1.063242316246032715
-1.448977589607238770
1.334775090217590332
-1.851861476898193359
0.706227123737335205
-0.123500466346740723
-0.729217886924743652
0.511055707931518555
-0.680199146270751953
0.095136046409606934
-0.787262499332427978
0.407344013452529907
-0.630852878093719482
-0.184238865971565247
-0.228662371635437012
-0.982567369937896728
0.518552303314208984
-1.381415724754333496
0.367537349462509155
-1.575244665145874024
-0.189801022410392761
-0.010335864499211311
-1.660718917846679688
1.152693748474121094
-1.389926075935363770
1.098771572113037109
-0.286901473999023438
0.350954353809356689
0.024589654058218002
0.192822203040122986
0.748175621032714844
-0.144193440675735474
0.762611508369445801
-0.795383155345916748
1.174669861793518066
0.045538015663623810
0.216731444001197815
0.277599453926086426
0.112795837223529816
0.834251701831817627
0.250024735927581787
1.053970575332641602
-0.607118010520935059
1.189807415008544922
-0.246346041560173035
0.294543951749801636
0.164530798792839050
-0.130072221159934998
0.430741250514984131
-1.697327733039855957
-0.212155982851982117
-0.658437907695770264
0.220349222421646118
-0.088401220738887787
-0.726790547370910644
-0.045880813151597977
-0.992258906364440918
0.706520557403564453
2.406911373138427734
0.001000000047497451
0.001000000047497451
0.001000000047497451
0.001000000047497451
0.001000000047497451
0.001000000047497451
0.001000000047497451
0.001000000047497451
0.001000000047497451
0.001000000047497451
-0.807597696781158447
-0.807597696781158447
-0.807597696781158447
-0.807597696781158447
-0.807597696781158447
-2.097177982330322266
1.675056457519531250
-0.154116213321685791
1.163481712341308594
0.675428152084350586
0.784073710441589356
0.973048806190490723
0.310271143913269043
-1.060284376144409180
1.526300787925720215
-1.158498287200927734
0.243433594703674316
-0.605053961277008057
0.367873430252075195
-0.214244246482849121
-0.199690610170364380
-0.059063289314508438
-2.099974393844604492
1.278838634490966797
-1.770374298095703125
1.319323062896728516
-0.471945554018020630
0.035363338887691498
-0.502975106239318848
-0.296356081962585449
-0.749918878078460693
-0.974069654941558838
0.147889569401741028
-1.148578524589538574
0.032630216330289841
-1.254350304603576660
0.062650620937347412
0.315542101860046387
-0.714984357357025146
0.394750952720642090
0.267053425312042236
0.270846784114837646
-0.125311017036437988
0.020621249452233315
0.217358604073524475
-0.019784834235906601
1.103134274482727051
-0.469177484512329102
0.649403810501098633
-0.044196996837854385
0.623889029026031494
-0.614828586578369141
0.818376898765563965
-0.299506366252899170
1.143895983695983887
0.655562877655029297
-0.343517333269119263
0.272976547479629517
0.509873688220977783
0.865455031394958496
0.298059076070785522
0.328484743833541870
0.430081486701965332
0.917061090469360352
0.428338021039962769
0.367091357707977295
-0.835617601871490478
-0.064395897090435028
0.166402310132980347
-3.955884218215942383
0.430745065212249756
-2.460622072219848633
0.281626820564270020
-1.879446506500244141
1.123391151428222656
-2.031689167022705078
0.208566740155220032
-0.306580156087875366
1.396828413009643555
0.490204423666000366
0.680788934230804443
0.339488416910171509
-0.299296051263809204
-0.220103815197944641
0.555662035942077637
-0.638107955455780029
-1.627872347831726074
1.203594088554382324
-0.736301541328430176
0.496983855962753296
-0.087983012199401855
0.193036481738090515
-0.072863556444644928
0.362044394016265869
-0.397962808609008789
0.671727001667022705
-0.903930783271789551
0.177782595157623291
0.210015088319778442
-0.334437936544418335
0.285623490810394287
0.137840345501899719
0.104641743004322052
-0.251046061515808105
1.344146966934204102
-0.708761215209960938
0.371408164501190186
0.461893498897552490
-0.040770154446363449
0.467871218919754028
-0.405937880277633667
1.487437129020690918
-0.003190221730619669
1.335730671882629394
-0.660023033618927002
1.230297327041625976
-0.818743228912353516
1.065016508102416992
-0.645272731781005859
0.373839497566223145
-0.389245510101318359
0.234239369630813599
-0.011021126061677933
-0.857421278953552246
2.077281951904296875
-1.722393393516540527
0.929427206516265869
-0.796132206916809082
0.109898515045642853
-0.463269740343093872
-0.331319242715835571
0.241995498538017273
-0.703679502010345459
1.271778106689453125
0.001000000047497451
0.001000000047497451
0.001000000047497451
0.001000000047497451
0.001000000047497451
0.001000000047497451
0.001000000047497451
0.001000000047497451
0.001000000047497451
0.001000000047497451
-0.360870301723480225
-0.360870301723480225
-0.360870301723480225
-0.360870301723480225
-0.360870301723480225
-1.812068939208984375
1.311737418174743652
-0.951607227325439453
0.335050225257873535
0.262782931327819824
-0.389574021100997925
0.334214478731155396
0.211906701326370239
-0.629377007484436035
0.934717118740081787
-0.594274580478668213
-0.367089927196502686
0.995680809020996094
-0.670566797256469727
1.148031353950500488
-0.028533153235912323
1.088329792022705078
0.690923035144805908
0.775722682476043701
-0.155038699507713318
0.662560880184173584
-0.097656100988388062
0.255758076906204224
0.355178326368331909
-0.167079135775566101
0.673678278923034668
0.347513765096664429
0.997291326522827148
-0.455294072628021240
0.921857178211212158
-0.765936493873596191
1.183388829231262207
-0.242498889565467834
0.784839153289794922
0.337813556194305420
-0.409060120582580566
0.474080860614776611
-0.096329569816589355
0.454429239034652710
-0.176487579941749573
0.255121141672134399
-0.545546531677246094
0.975291907787322998
-0.639086425304412842
1.023165702819824219
-0.642697572708129883
0.781787455081939697
-0.661198854446411133
0.369283765554428101
-0.023544153198599815
-0.871599018573760986
0.621163964271545410
-0.912463903427124023
0.250945240259170532
0.335205614566802978
-0.994028866291046143
0.829156517982482910
-0.630339682102203369
0.565870225429534912
-1.141490697860717773
0.746056437492370606
0.405121713876724243
-0.260018110275268555
1.235951900482177734
-0.708986222743988037
1.315814375877380371
-1.698508620262145996
2.009886980056762695
-1.469043254852294922
1.122028708457946777
-1.859421610832214356
1.696985483169555664
-0.400232166051864624
0.620858728885650635
1.335851192474365234
-1.354573369026184082
1.149742126464843750
-0.400834739208221436
0.147192940115928650
1.233625173568725586
-0.408069521188735962
2.191441059112548828
-1.595218181610107422
2.818341970443725586
-1.716811656951904297
1.025276780128479004
-1.246962070465087891
1.727832436561584473
-0.398244649171829224
0.637401282787322998
0.210623979568481445
-0.031674839556217194
0.877937853336334228
-0.745612680912017822
1.759346127510070801
-1.508067250251770020
0.614073574542999268
-0.562286853790283203
0.795168459415435791
-0.050404120236635208
-0.112563006579875946
1.532699465751647949
-1.115285277366638184
0.584798753261566162
-0.913763642311096191
-0.165493831038475037
-0.766164958477020264
-0.293426424264907837
-2.463391542434692383
1.051109433174133301
-1.679913640022277832
0.762782275676727295
-1.834253072738647461
0.548107147216796875
-0.611353576183319092
-0.093107156455516815
0.389907389879226685
-0.772391915321350098
1.156936883926391602
-1.233503460884094238
0.918148398399353027
-0.783031761646270752
0.197838753461837769
-0.689991354942321777
0.279652297496795654
0.494830816984176636
-1.245832800865173340
0.857090890407562256
0.495752543210983276
0.001000000047497451
0.001000000047497451
0.001000000047497451
0.001000000047497451
0.001000000047497451
0.001000000047497451
0.001000000047497451
0.001000000047497451
0.001000000047497451
0.001000000047497451
-0.623102188110351562
-0.623102188110351562
-0.623102188110351562
-0.623102188110351562
-0.623102188110351562
0.472879588603973389
-0.306066334247589111
-0.576837718486785889
-0.837839543819427490
-1.774590253829956055
-0.086483791470527649
-0.652661621570587158
-0.026173362508416176
-0.416430592536926270
0.197713389992713928
-0.273429542779922485
0.089788012206554413
-1.168044805526733398
-1.342557907104492188
-0.120045103132724762
-2.047227144241333008
-0.506961822509765625
-1.977998614311218262
0.082582414150238037
-1.429131627082824707
-0.084861509501934052
-0.375766992568969727
-0.582481265068054199
-1.396452546119689941
0.653224349021911621
-2.411746025085449219
-1.627123713493347168
-1.901798248291015625
-0.344198763370513916
-1.605113863945007324
-2.528437137603759766
0.741152405738830566
-1.476842164993286133
-0.124376654624938965
-1.851458549499511719
2.083129405975341797
-1.211863875389099121
1.076179623603820801
0.668522298336029053
-1.626544833183288574
1.902877807617187500
0.221044346690177917
-0.266058921813964844
-0.967764735221862793
0.830323755741119385
-1.229089379310607910
1.464190721511840820
-0.013761539943516254
-0.332369685173034668
0.895428359508514404
-0.189460903406143188
0.750293195247650146
0.031249038875102997
0.845764636993408203
-1.546021938323974609
0.221335440874099731
-0.476155489683151245
-0.424535870552062988
-1.123218059539794922
0.528394103050231934
-0.220345944166183472
-1.530787825584411621
1.184160113334655762
-1.791821479797363281
1.388995051383972168
-0.946608185768127441
0.965528905391693115
-0.223210036754608154
0.808592855930328369
-1.084298491477966309
1.207860946655273438
-3.152964830398559570
1.367690205574035644
-2.735470771789550781
-1.217556953430175781
-1.827038884162902832
-0.554901897907257080
-1.787857770919799805
0.391923725605010986
-2.527678489685058594
0.987501263618469238
-0.277472198009490967
-1.621263980865478516
0.985669255256652832
-0.726415514945983887
-1.381834149360656738
-0.116501778364181519
-0.451049447059631348
-1.962180018424987793
0.770026385784149170
-2.107053041458129883
0.201324909925460815
1.018299221992492676
-2.295379161834716797
1.401408791542053223
-0.479487061500549316
-1.497582435607910156
0.050724949687719345
-1.303633213043212891
-0.685544729232788086
-0.440991520881652832
-0.761955559253692627
-1.542302489280700684
3.593752861022949219
-2.998840093612670898
1.964156985282897949
-1.478847146034240723
-0.790119349956512451
-0.465985208749771118
-0.620217621326446533
-1.828273534774780274
-0.536457419395446777
-0.025601234287023544
-0.347025871276855469
0.440129637718200684
-1.856541872024536133
-0.782234072685241699
0.321820110082626343
-0.634343683719635010
-0.141042798757553101
0.248814538121223450
-0.366549313068389893
0.377497047185897827
-0.310911446809768677
0.098665177822113037
-0.321428209543228149
0.492771893739700317
-0.942028641700744629
0.923996090888977051
0.001000000047497451
0.001000000047497451
0.001000000047497451
0.001000000047497451
0.001000000047497451
0.001000000047497451
0.001000000047497451
0.001000000047497451
0.001000000047497451
0.001000000047497451
-0.370100051164627075
-0.370100051164627075
-0.370100051164627075
-0.370100051164627075
-0.370100051164627075
1.441252112388610840
-0.408076345920562744
0.111176051199436188
0.752524852752685547
-0.388847827911376953
0.549411416053771973
0.282927066087722778
-0.649729490280151367
0.303934901952743530
-0.535398304462432861
-0.445937097072601318
-0.958896219730377197
-0.815122067928314209
-0.520556390285491943
-0.478041082620620728
-1.320410132408142090
-0.368863224983215332
0.237245500087738037
-0.406473219394683838
-0.854690492153167725
1.071498751640319824
-0.479239642620086670
0.731606185436248779
-0.504099249839782715
0.359269618988037109
-0.081499479711055756
-0.298900187015533447
-0.057487063109874725
-2.243122100830078125
-0.627279698848724365
-1.024523138999938965
-0.593720555305480957
-0.911267876625061035
-0.426284551620483398
-1.072329759597778320
-0.213140711188316345
-1.020926713943481445
-1.009550809860229492
-1.329351902008056641
-0.381639361381530762
-1.560301423072814941
0.314271211624145508
-0.021621409803628922
-1.012533426284790039
0.328735202550888062
-1.323404908180236816
0.065870039165019989
-0.898243248462677002
-0.067325517535209656
-0.706233620643615723
-0.549530923366546631
0.929825603961944580
-2.295953512191772461
2.728499889373779297
-0.554122090339660645
-0.177049890160560608
0.584611356258392334
-0.587993085384368896
-0.570737063884735107
0.049294888973236084
-0.814823985099792480
2.499866008758544922
-1.339262962341308594
-0.223930880427360535
0.985837280750274658
-0.163498789072036743
1.115835309028625488
-0.121951311826705933
0.202594280242919922
1.957337737083435059
-1.894343614578247070
3.287013530731201172
-2.649752140045166016
3.379051923751831055
-0.667368710041046143
0.509778261184692383
0.664581596851348877
-0.788838088512420654
1.634090781211853027
-0.867429256439208984
1.101037383079528809
-2.907007455825805664
2.977987289428710938
-1.626102566719055176
1.930812478065490723
-0.740771174430847168
0.487915456295013428
-0.167202681303024292
-0.165719315409660339
0.051905624568462372
-0.116642519831657410
0.433978974819183350
-0.761456549167633057
1.192227482795715332
-1.349679946899414062
0.991619765758514404
0.263188034296035767
-0.089444100856781006
0.211110889911651611
-1.034176349639892578
1.163003921508789062
-2.262274265289306641
1.068479776382446289
-0.651291370391845703
0.953986465930938721
0.715386211872100830
-0.981256842613220215
1.180867671966552734
-1.472549676895141602
2.049711227416992188
-0.700967669486999512
0.682600498199462891
-0.458108067512512207
0.203436419367790222
-0.166425302624702454
-1.155030727386474609
0.319631189107894897
-0.392271161079406738
0.496621906757354736
-0.797600746154785156
-0.302762895822525024
-0.458233028650283813
-0.123854979872703552
0.572488903999328613
-1.275820374488830566
-0.256937354803085327
0.086986467242240906
0.562985539436340332
0.223796457052230835
0.001000000047497451
0.001000000047497451
0.001000000047497451
0.001000000047497451
0.001000000047497451
0.001000000047497451
0.001000000047497451
0.001000000047497451
0.001000000047497451
0.001000000047497451
-0.270764112472534180
-0.270764112472534180
-0.270764112472534180
-0.270764112472534180
-0.270764112472534180
0.477344870567321777
-1.109399795532226562
-0.459529310464859009
-1.114305853843688965
-1.085233211517333984
-0.799452781677246094
-1.639859199523925781
-0.001213295501656830
-0.407928377389907837
-0.317505121231079102
0.633211433887481689
0.363357394933700562
0.260295391082763672
0.300725460052490234
0.608148157596588135
0.075905241072177887
0.828104317188262939
0.139898836612701416
0.662693858146667480
-0.505651891231536865
0.722296953201293945
-0.342396795749664307
0.108386300504207611
0.554122805595397949
-0.390653789043426514
1.290369272232055664
-0.393225401639938354
1.533290982246398926
-0.949967205524444580
1.375072121620178223
0.167093902826309204
-0.419800907373428345
1.330348253250122070
-1.109232902526855469
1.198427796363830566
-0.995729088783264160
1.065572500228881836
-0.498434036970138550
0.525779664516448975
-0.642331361770629883
0.663430809974670410
-1.080763936042785644
-0.571919977664947510
0.490273326635360718
-2.076464176177978516
0.609727382659912109
-1.872045397758483887
0.229434117674827576
-1.719268321990966797
-0.135263577103614807
-2.516728162765502930
0.263572484254837036
0.144797578454017639
-2.269323348999023438
-0.228805348277091980
-2.487640857696533203
-0.540714383125305176
-2.457314252853393555
-0.538920581340789795
-2.183936119079589844
-0.190336719155311584
-1.704011440277099609
-0.194935232400894165
0.224177435040473938
1.271466374397277832
0.065822899341583252
1.787701606750488281
-0.228742092847824097
1.104308247566223144
-0.778559267520904541
0.658734083175659180
0.180441722273826599
-0.679341793060302734
-0.034657407552003860
-0.623507380485534668
0.139574080705642700
-0.525167167186737061
0.307336598634719849
0.364394843578338623
-1.026641964912414551
1.130246520042419434
-0.691698372364044189
0.541859030723571777
-0.836707174777984619
1.015051484107971191
-0.978410065174102783
0.916532397270202637
-0.504141569137573242
0.610066831111907959
-0.332599252462387085
-0.328346997499465942
0.499561995267868042
-0.569547176361083984
0.175196543335914612
-1.005064129829406738
0.988312005996704102
-1.065341472625732422
0.606434762477874756
-0.375393092632293701
-0.808301806449890137
0.101412050426006317
0.228542402386665344
-0.224498197436332703
-0.387382388114929199
-0.034233592450618744
-0.400528341531753540
-0.118631206452846527
-0.659816384315490723
-0.087136454880237579
-0.160320907831192017
-0.330296516418457031
0.287727802991867065
0.245782837271690369
-0.060622483491897583
0.119141675531864166
0.219049125909805298
-0.007857442833483219
-0.216898888349533081
0.759874045848846436
-1.269958972930908203
1.049466371536254883
-0.668784320354461670
0.587604582309722900
-0.407019287347793579
0.256034255027770996
0.144799560308456421
-0.840033292770385742
0.494610309600830078
0.568648099899291992
0.001000000047497451
0.001000000047497451
0.001000000047497451
0.001000000047497451
0.001000000047497451
0.001000000047497451
0.001000000047497451
0.001000000047497451
0.001000000047497451
0.001000000047497451
-0.087125733494758606
-0.087125733494758606
-0.087125733494758606
-0.087125733494758606
-0.087125733494758606
0.300083845853805542
-1.173028111457824707
0.191889509558677673
-0.294640481472015381
-0.464782029390335083
-0.267118215560913086
-0.700040757656097412
-0.749362707138061523
-0.167938709259033203
-0.853155612945556641
0.500080406665802002
-1.137897133827209473
0.042676016688346863
-0.585291445255279541
-0.351504862308502197
-0.449252575635910034
-0.714017748832702637
-0.135851249098777771
-1.644866585731506348
1.117823481559753418
-2.157219171524047852
1.139584898948669434
-1.307697892189025879
0.295733362436294556
-1.283973455429077148
-0.006453256588429213
-0.656513690948486328
-0.531224787235260010
0.028936207294464111
-1.210214495658874512
1.483400821685791016
-1.664878368377685547
0.804501354694366455
0.248168990015983582
-0.036182913929224014
0.245614275336265564
-0.396254897117614746
0.187618806958198547
-0.064277932047843933
-0.346604794263839722
0.070539854466915131
-0.257047206163406372
-0.002478890819475055
0.714522063732147217
-0.962332189083099365
0.709303796291351318
-0.917766392230987549
0.798664271831512451
-0.792493343353271484
0.694750249385833740
-0.954337894916534424
0.711118400096893311
-0.196741104125976562
-0.209189921617507935
0.652720510959625244
-0.896600425243377686
0.974495887756347656
-0.511393487453460693
0.667064726352691650
-0.757119119167327881
0.704824745655059814
-0.145353212952613831
0.647524893283843994
0.441094845533370972
0.379034280776977539
0.588533282279968262
-0.940674722194671631
0.370038568973541260
0.250647783279418945
-0.204462870955467224
0.590238809585571289
-1.052814006805419922
1.458244323730468750
-1.950859069824218750
1.092545747756958008
-1.255739212036132812
0.563454568386077881
-1.730115413665771484
0.640938639640808106
-0.622090280055999756
-0.293513029813766480
-0.514907777309417725
-0.631319046020507812
0.755674779415130615
-1.724258422851562500
2.024572134017944336
-2.374889373779296875
0.133614286780357361
-1.412394523620605469
0.475934296846389770
-1.308358788490295410
0.035700451582670212
-0.785004377365112305
-0.604068398475646973
0.343574076890945435
-1.526135444641113281
0.276475280523300171
-0.285857081413269043
-0.466232806444168091
-0.289383471012115478
-0.315018922090530396
-0.797399222850799561
0.334523439407348633
-0.813469290733337402
0.933602988719940186
-0.617830574512481689
0.842375457286834717
-0.454288959503173828
0.824151992797851562
-0.547739446163177490
1.015633344650268555
-0.292627513408660889
0.281860977411270142
-0.161160901188850403
-0.371202141046524048
0.244494855403900146
-0.014297800138592720
0.029091393575072289
-0.945793628692626953
0.939513921737670898
-0.998736441135406494
0.347910225391387939
-0.542265295982360840
-0.013530910015106201
-0.109381660819053650
-0.333454430103302002
0.166561752557754517
-0.048643913120031357
0.392944693565368652
0.001000000047497451
0.001000000047497451
0.001000000047497451
0.001000000047497451
0.001000000047497451
0.001000000047497451
0.001000000047497451
0.001000000047497451
0.001000000047497451
0.001000000047497451
-1.563399910926818848
-1.563399910926818848
-1.563399910926818848
-1.563399910926818848
-1.563399910926818848
1.795586466789245606
-1.329695582389831543
0.358893603086471558
0.319331198930740356
0.277678251266479492
0.769751012325286865
-0.489273816347122192
1.093247175216674805
-0.423729062080383301
0.436983525753021240
0.099999040365219116
-0.283264636993408203
0.643208920955657959
0.274295181035995483
-0.127852812409400940
0.436257719993591309
0.573368489742279053
-0.307177662849426270
0.804960250854492188
-0.209635525941848755
0.854750990867614746
0.079822756350040436
0.279582113027572632
0.948957920074462891
-0.070954792201519012
1.432175040245056152
-0.133626490831375122
1.314713954925537109
-1.104561567306518555
1.696284890174865723
-0.327300667762756348
1.815934419631958008
0.175182297825813293
0.788567900657653809
0.676412284374237061
-0.622057855129241943
0.305490791797637939
-0.934014022350311279
0.487823694944381714
-1.423456430435180664
0.322179526090621948
-2.075296401977539062
1.725934624671936035
-0.515918850898742676
0.471992492675781250
-0.420909881591796875
0.353378891944885254
-0.829495668411254883
0.813971281051635742
-1.421848416328430176
-1.109948873519897461
1.103642940521240234
-1.537347078323364258
1.541464209556579590
-0.639270424842834473
2.293406724929809570
-0.681318879127502441
1.504083275794982910
0.485657155513763428
-0.214644640684127808
1.219889879226684570
-1.217732310295104980
1.637173414230346680
-0.636144697666168213
1.685387372970581055
-0.406273156404495239
2.349004983901977539
-0.954009532928466797
0.924070000648498535
0.249933570623397827
-0.454715460538864136
1.798762083053588867
-1.438122630119323730
1.310151219367980957
-0.789236962795257568
0.938815474510192871
-0.277125298976898193
0.850305795669555664
-0.750008046627044678
0.596255958080291748
-0.610564708709716797
-0.270144462585449219
0.528347074985504150
-0.306576132774353027
-0.372878521680831909
0.878293812274932861
0.546720445156097412
-0.310383617877960205
1.059404015541076660
-0.576059818267822266
1.347847819328308106
-0.510533034801483154
0.237156003713607788
0.153758645057678223
0.474368453025817871
-1.042259931564331055
1.112567901611328125
-0.455313175916671753
0.279839873313903809
0.142132997512817383
-0.560506939888000488
-0.723484039306640625
0.352178275585174561
-1.965287804603576660
0.306757718324661255
-1.145019531250000000
0.169423192739486694
-0.047182485461235046
0.810106754302978516
-1.194215178489685059
0.961070597171783447
-0.936449348926544189
0.460916250944137573
-0.799511373043060303
-0.627657532691955566
1.228431224822998047
-0.645685672760009766
0.923890590667724609
-1.043530583381652832
1.446946859359741211
-0.545476317405700684
1.377454757690429688
-0.818041861057281494
0.467554122209548950
0.080614969134330750
-0.397697180509567261
1.325315713882446289
-0.804519474506378174
2.218409061431884766
0.001000000047497451
0.001000000047497451
0.001000000047497451
0.001000000047497451
0.001000000047497451
0.001000000047497451
0.001000000047497451
0.001000000047497451
0.001000000047497451
0.001000000047497451
0.001000000047497451
0.001000000047497451
0.001000000047497451
0.001000000047497451
0.001000000047497451
0.254747301340103149
-0.144708588719367981
0.021608017385005951
-0.104894809424877167
-0.068323574960231781
-0.031768780201673508
-0.133634030818939209
-0.011065850034356117
-0.180981129407882690
0.140867382287979126
0.029181292280554771
-0.001118337386287749
-0.007847183384001255
-0.008058502338826656
0.027908092364668846
0.015601933002471924
0.054759733378887177
-0.186125516891479492
0.076673470437526703
-0.040506791323423386
-0.114138104021549225
-0.033833954483270645
-0.053905129432678223
-0.060097545385360718
-0.130234912037849426
-0.043766129761934280
-0.118377484381198883
-0.030231555923819542
0.071090348064899445
-0.231573879718780518
0.299848139286041260
-0.335775077342987061
0.187055334448814392
-0.060923028737306595
0.127382680773735046
0.044539280235767364
0.042966607958078384
0.142996892333030701
0.042725879698991776
0.184009984135627747
-0.040243458002805710
0.140817791223526001
-0.144869893789291382
0.163545072078704834
-0.172175660729408264
0.163999542593955994
-0.247469753026962280
0.146159678697586060
-0.102487757802009583
0.086250051856040955
-0.184608474373817444
0.037089660763740540
-0.018472699448466301
-0.144146472215652466
0.042913984507322311
-0.390393346548080444
0.169368728995323181
-0.215055212378501892
0.060736432671546936
0.062626302242279053
-0.011258915998041630
0.001529568689875305
-0.097443915903568268
0.048434641212224960
0.029842263087630272
0.088105566799640656
-0.075869761407375336
0.113631345331668854
0.076606146991252899
0.017194638028740883
0.057354439049959183
-0.002878136234357953
0.081930808722972870
0.014989205636084080
0.055358003824949265
0.013142261654138565
0.089637778699398041
-0.065606281161308289
0.133486941456794739
0.032194077968597412
0.109429381787776947
-0.005321109201759100
0.019943723455071449
0.115775130689144135
0.003035377943888307
0.226011186838150024
-0.159028396010398865
0.203043028712272644
-0.066080428659915924
0.235221222043037415
-0.080763459205627441
0.080420844256877899
0.096130907535552979
-0.092173069715499878
0.125479772686958313
-0.112281195819377899
0.010119064711034298
0.034841816872358322
0.011904742568731308
-0.040571235120296478
-0.009017479605972767
0.084849938750267029
0.015184877440333366
0.067328147590160370
0.004991229157894850
-0.028374236077070236
0.141112416982650757
-0.053002893924713135
0.070994921028614044
-0.032400913536548615
0.038901448249816895
0.025606153532862663
0.053078651428222656
0.018410407006740570
0.037661328911781311
0.046756364405155182
0.087804198265075684
-0.017441205680370331
0.048671197146177292
0.170879021286964416
0.080437950789928436
-0.029639936983585358
0.090702190995216370
-0.080661699175834656
0.192541986703872681
0.040844928473234177
0.033689554780721664
0.064376503229141235
-1.233010768890380859
0.001000000047497451
0.001000000047497451
0.001000000047497451
0.001000000047497451
0.001000000047497451
0.001000000047497451
0.001000000047497451
0.001000000047497451
0.001000000047497451
0.001000000047497451
0.001000000047497451
0.001000000047497451
0.001000000047497451
0.001000000047497451
0.001000000047497451
0.254747301340103149
-0.144708588719367981
0.021608017385005951
-0.104894809424877167
-0.068323574960231781
-0.031768780201673508
-0.133634030818939209
-0.011065850034356117
-0.180981129407882690
0.140867382287979126
0.029181292280554771
-0.001118337386287749
-0.007847183384001255
-0.008058502338826656
0.027908092364668846
0.015601933002471924
0.054759733378887177
-0.186125516891479492
0.076673470437526703
-0.040506791323423386
-0.114138104021549225
-0.033833954483270645
-0.053905129432678223
-0.060097545385360718
-0.130234912037849426
-0.043766129761934280
-0.118377484381198883
-0.030231555923819542
0.071090348064899445
-0.231573879718780518
0.299848139286041260
-0.335775077342987061
0.187055334448814392
-0.060923028737306595
0.127382680773735046
0.044539280235767364
0.042966607958078384
0.142996892333030701
0.042725879698991776
0.184009984135627747
-0.040243458002805710
0.140817791223526001
-0.144869893789291382
0.163545072078704834
-0.172175660729408264
0.163999542593955994
-0.247469753026962280
0.146159678697586060
-0.102487757802009583
0.086250051856040955
-0.184608474373817444
0.037089660763740540
-0.018472699448466301
-0.144146472215652466
0.042913984507322311
-0.390393346548080444
0.169368728995323181
-0.215055212378501892
0.060736432671546936
0.062626302242279053
-0.011258915998041630
0.001529568689875305
-0.097443915903568268
0.048434641212224960
0.029842263087630272
0.088105566799640656
-0.075869761407375336
0.113631345331668854
0.076606146991252899
0.017194638028740883
0.057354439049959183
-0.002878136234357953
0.081930808722972870
0.014989205636084080
0.055358003824949265
0.013142261654138565
0.089637778699398041
-0.065606281161308289
0.133486941456794739
0.032194077968597412
0.109429381787776947
-0.005321109201759100
0.019943723455071449
0.115775130689144135
0.003035377943888307
0.226011186838150024
-0.159028396010398865
0.203043028712272644
-0.066080428659915924
0.235221222043037415
-0.080763459205627441
0.080420844256877899
0.096130907535552979
-0.092173069715499878
0.125479772686958313
-0.112281195819377899
0.010119064711034298
0.034841816872358322
0.011904742568731308
-0.040571235120296478
-0.009017479605972767
0.084849938750267029
0.015184877440333366
0.067328147590160370
0.004991229157894850
-0.028374236077070236
0.141112416982650757
-0.053002893924713135
0.070994921028614044
-0.032400913536548615
0.038901448249816895
0.025606153532862663
0.053078651428222656
0.018410407006740570
0.037661328911781311
0.046756364405155182
0.087804198265075684
-0.017441205680370331
0.048671197146177292
0.170879021286964416
0.080437950789928436
-0.029639936983585358
0.090702190995216370
-0.080661699175834656
0.192541986703872681
0.040844928473234177
0.033689554780721664
0.064376503229141235
-1.233010768890380859
0.001000000047497451
0.001000000047497451
0.001000000047497451
0.001000000047497451
0.001000000047497451
0.001000000047497451
0.001000000047497451
0.001000000047497451
0.001000000047497451
0.001000000047497451
0.001000000047497451
0.001000000047497451
0.001000000047497451
0.001000000047497451
0.001000000047497451
0.254747301340103149
-0.144708588719367981
0.021608017385005951
-0.104894809424877167
-0.068323574960231781
-0.031768780201673508
-0.133634030818939209
-0.011065850034356117
-0.180981129407882690
0.140867382287979126
0.029181292280554771
-0.001118337386287749
-0.007847183384001255
-0.008058502338826656
0.027908092364668846
0.015601933002471924
0.054759733378887177
-0.186125516891479492
0.076673470437526703
-0.040506791323423386
-0.114138104021549225
-0.033833954483270645
-0.053905129432678223
-0.060097545385360718
-0.130234912037849426
-0.043766129761934280
-0.118377484381198883
-0.030231555923819542
0.071090348064899445
-0.231573879718780518
0.299848139286041260
-0.335775077342987061
0.187055334448814392
-0.060923028737306595
0.127382680773735046
0.044539280235767364
0.042966607958078384
0.142996892333030701
0.042725879698991776
0.184009984135627747
-0.040243458002805710
0.140817791223526001
-0.144869893789291382
0.163545072078704834
-0.172175660729408264
0.163999542593955994
-0.247469753026962280
0.146159678697586060
-0.102487757802009583
0.086250051856040955
-0.184608474373817444
0.037089660763740540
-0.018472699448466301
-0.144146472215652466
0.042913984507322311
-0.390393346548080444
0.169368728995323181
-0.215055212378501892
0.060736432671546936
0.062626302242279053
-0.011258915998041630
0.001529568689875305
-0.097443915903568268
0.048434641212224960
0.029842263087630272
0.088105566799640656
-0.075869761407375336
0.113631345331668854
0.076606146991252899
0.017194638028740883
0.057354439049959183
-0.002878136234357953
0.081930808722972870
0.014989205636084080
0.055358003824949265
0.013142261654138565
0.089637778699398041
-0.065606281161308289
0.133486941456794739
0.032194077968597412
0.109429381787776947
-0.005321109201759100
0.019943723455071449
0.115775130689144135
0.003035377943888307
0.226011186838150024
-0.159028396010398865
0.203043028712272644
-0.066080428659915924
0.235221222043037415
-0.080763459205627441
0.080420844256877899
0.096130907535552979
-0.092173069715499878
0.125479772686958313
-0.112281195819377899
0.010119064711034298
0.034841816872358322
0.011904742568731308
-0.040571235120296478
-0.009017479605972767
0.084849938750267029
0.015184877440333366
0.067328147590160370
0.004991229157894850
-0.028374236077070236
0.141112416982650757
-0.053002893924713135
0.070994921028614044
-0.032400913536548615
0.038901448249816895
0.025606153532862663
0.053078651428222656
0.018410407006740570
0.037661328911781311
0.046756364405155182
0.087804198265075684
-0.017441205680370331
0.048671197146177292
0.170879021286964416
0.080437950789928436
-0.029639936983585358
0.090702190995216370
-0.080661699175834656
0.192541986703872681
0.040844928473234177
0.033689554780721664
0.064376503229141235
-1.233010768890380859
0.001000000047497451
0.001000000047497451
0.001000000047497451
0.001000000047497451
0.001000000047497451
0.001000000047497451
0.001000000047497451
0.001000000047497451
0.001000000047497451
0.001000000047497451
0.001000000047497451
0.001000000047497451
0.001000000047497451
0.001000000047497451
0.001000000047497451
0.254747301340103149
-0.144708588719367981
0.021608017385005951
-0.104894809424877167
-0.068323574960231781
-0.031768780201673508
-0.133634030818939209
-0.011065850034356117
-0.180981129407882690
0.140867382287979126
0.029181292280554771
-0.001118337386287749
-0.007847183384001255
-0.008058502338826656
0.027908092364668846
0.015601933002471924
0.054759733378887177
-0.186125516891479492
0.076673470437526703
-0.040506791323423386
-0.114138104021549225
-0.033833954483270645
-0.053905129432678223
-0.060097545385360718
-0.130234912037849426
-0.043766129761934280
-0.118377484381198883
-0.030231555923819542
0.071090348064899445
-0.231573879718780518
0.299848139286041260
-0.335775077342987061
0.187055334448814392
-0.060923028737306595
0.127382680773735046
0.044539280235767364
0.042966607958078384
0.142996892333030701
0.042725879698991776
0.184009984135627747
-0.040243458002805710
0.140817791223526001
-0.144869893789291382
0.163545072078704834
-0.172175660729408264
0.163999542593955994
-0.247469753026962280
0.146159678697586060
-0.102487757802009583
0.086250051856040955
-0.184608474373817444
0.037089660763740540
-0.018472699448466301
-0.144146472215652466
0.042913984507322311
-0.390393346548080444
0.169368728995323181
-0.215055212378501892
0.060736432671546936
0.062626302242279053
-0.011258915998041630
0.001529568689875305
-0.097443915903568268
0.048434641212224960
0.029842263087630272
0.088105566799640656
-0.075869761407375336
0.113631345331668854
0.076606146991252899
0.017194638028740883
0.057354439049959183
-0.002878136234357953
0.081930808722972870
0.014989205636084080
0.055358003824949265
0.013142261654138565
0.089637778699398041
-0.065606281161308289
0.133486941456794739
0.032194077968597412
0.109429381787776947
-0.005321109201759100
0.019943723455071449
0.115775130689144135
0.003035377943888307
0.226011186838150024
-0.159028396010398865
0.203043028712272644
-0.066080428659915924
0.235221222043037415
-0.080763459205627441
0.080420844256877899
0.096130907535552979
-0.092173069715499878
0.125479772686958313
-0.112281195819377899
0.010119064711034298
0.034841816872358322
0.011904742568731308
-0.040571235120296478
-0.009017479605972767
0.084849938750267029
0.015184877440333366
0.067328147590160370
0.004991229157894850
-0.028374236077070236
0.141112416982650757
-0.053002893924713135
0.070994921028614044
-0.032400913536548615
0.038901448249816895
0.025606153532862663
0.053078651428222656
0.018410407006740570
0.037661328911781311
0.046756364405155182
0.087804198265075684
-0.017441205680370331
0.048671197146177292
0.170879021286964416
0.080437950789928436
-0.029639936983585358
0.090702190995216370
-0.080661699175834656
0.192541986703872681
0.040844928473234177
0.033689554780721664
0.064376503229141235
-1.233010768890380859
0.001000000047497451
0.001000000047497451
0.001000000047497451
0.001000000047497451
0.001000000047497451
0.001000000047497451
0.001000000047497451
0.001000000047497451
0.001000000047497451
0.001000000047497451
0.001000000047497451
0.001000000047497451
0.001000000047497451
0.001000000047497451
0.001000000047497451
0.254747301340103149
-0.144708588719367981
0.021608017385005951
-0.104894809424877167
-0.068323574960231781
-0.031768780201673508
-0.133634030818939209
-0.011065850034356117
-0.180981129407882690
0.140867382287979126
0.029181292280554771
-0.001118337386287749
-0.007847183384001255
-0.008058502338826656
0.027908092364668846
0.015601933002471924
0.054759733378887177
-0.186125516891479492
0.076673470437526703
-0.040506791323423386
-0.114138104021549225
-0.033833954483270645
-0.053905129432678223
-0.060097545385360718
-0.130234912037849426
-0.043766129761934280
-0.118377484381198883
-0.030231555923819542
0.071090348064899445
-0.231573879718780518
0.299848139286041260
-0.335775077342987061
0.187055334448814392
-0.060923028737306595
0.127382680773735046
0.044539280235767364
0.042966607958078384
0.142996892333030701
0.042725879698991776
0.184009984135627747
-0.040243458002805710
0.140817791223526001
-0.144869893789291382
0.163545072078704834
-0.172175660729408264
0.163999542593955994
-0.247469753026962280
0.146159678697586060
-0.102487757802009583
0.086250051856040955
-0.184608474373817444
0.037089660763740540
-0.018472699448466301
-0.144146472215652466
0.042913984507322311
-0.390393346548080444
0.169368728995323181
-0.215055212378501892
0.060736432671546936
0.062626302242279053
-0.011258915998041630
0.001529568689875305
-0.097443915903568268
0.048434641212224960
0.029842263087630272
0.088105566799640656
-0.075869761407375336
0.113631345331668854
0.076606146991252899
0.017194638028740883
0.057354439049959183
-0.002878136234357953
0.081930808722972870
0.014989205636084080
0.055358003824949265
0.013142261654138565
0.089637778699398041
-0.065606281161308289
0.133486941456794739
0.032194077968597412
0.109429381787776947
-0.005321109201759100
0.019943723455071449
0.115775130689144135
0.003035377943888307
0.226011186838150024
-0.159028396010398865
0.203043028712272644
-0.066080428659915924
0.235221222043037415
-0.080763459205627441
0.080420844256877899
0.096130907535552979
-0.092173069715499878
0.125479772686958313
-0.112281195819377899
0.010119064711034298
0.034841816872358322
0.011904742568731308
-0.040571235120296478
-0.009017479605972767
0.084849938750267029
0.015184877440333366
0.067328147590160370
0.004991229157894850
-0.028374236077070236
0.141112416982650757
-0.053002893924713135
0.070994921028614044
-0.032400913536548615
0.038901448249816895
0.025606153532862663
0.053078651428222656
0.018410407006740570
0.037661328911781311
0.046756364405155182
0.087804198265075684
-0.017441205680370331
0.048671197146177292
0.170879021286964416
0.080437950789928436
-0.029639936983585358
0.090702190995216370
-0.080661699175834656
0.192541986703872681
0.040844928473234177
0.033689554780721664
0.064376503229141235
-1.233010768890380859
