2160.000000000000000000
0.001000000047497451
0.001000000047497451
0.001000000047497451
0.001000000047497451
0.001000000047497451
0.001000000047497451
0.001000000047497451
0.001000000047497451
0.001000000047497451
0.001000000047497451
-0.249763533473014832
-0.249763533473014832
-0.249763533473014832
-0.249763533473014832
-0.249763533473014832
-0.466965615749359131
0.631919801235198975
-1.206214904785156250
0.024074604734778404
-0.589230597019195557
0.500200808048248291
-1.008543848991394043
1.003551125526428223
-1.003787875175476074
0.776189506053924561
0.519958853721618652
-0.447142899036407471
0.773475348949432373
-0.890628576278686523
0.446022331714630127
-0.038640420883893967
0.560569822788238525
-1.450129151344299316
0.594724059104919434
0.026880588382482529
-1.520771145820617676
-0.010734361596405506
-1.560019016265869141
0.123093798756599426
-1.329859852790832520
-0.182261049747467041
-0.671104192733764648
-0.641152024269104004
2.131705045700073242
-1.062116503715515137
2.285168886184692383
-1.742012500762939453
0.761245608329772949
-0.835649490356445312
1.025464296340942383
-0.590527713298797607
0.467299580574035645
0.859287977218627930
-0.124693430960178375
2.475511074066162110
-1.384019255638122559
1.664036273956298828
-1.899429678916931152
1.000804543495178223
-0.587490618228912354
1.009239435195922852
-0.522952139377593994
0.231469780206680298
0.711492836475372314
-0.431945919990539551
2.366664886474609375
-2.627501249313354492
2.024106025695800781
-2.485060453414916992
-0.132994785904884338
-0.492663294076919556
-0.349936187267303467
0.994066357612609863
-0.657341778278350830
2.512740850448608398
-1.424524545669555664
0.500586807727813721
-1.493770837783813476
-0.404194176197052002
-0.594612836837768555
-0.321765869855880737
-0.733893454074859619
0.064579747617244720
-0.499242931604385376
-1.136705040931701660
0.973738014698028564
-2.127145767211914062
0.582404613494873047
-1.417955279350280762
0.096468240022659302
-0.914246499538421631
0.290379673242568970
0.011904227547347546
-0.437399268150329590
-0.299908280372619629
0.513006210327148438
0.872859179973602295
-0.957172274589538574
-0.434049516916275024
-0.113565668463706970
0.787452101707458496
-1.147455930709838867
1.808584451675415039
-1.209635019302368164
1.755708932876586914
-1.237648248672485352
1.165650367736816406
-0.462340295314788818
0.397403031587600708
-0.009192947298288345
-0.401587635278701782
0.772367477416992188
-1.475540280342102051
1.433274507522583008
-1.402882814407348633
0.786554098129272461
0.015005297027528286
0.372834205627441406
-0.344135552644729614
-0.672695755958557129
-0.015587579458951950
-0.373959779739379883
0.983250319957733154
-0.666314303874969482
0.091654054820537567
-1.293095111846923828
0.496066033840179443
-0.895956337451934814
0.401657104492187500
-0.046426516026258469
0.274567306041717529
0.620897173881530762
-1.021970033645629883
0.432021081447601318
-0.382800996303558350
0.925317585468292236
-0.688248872756958008
0.341124594211578369
-0.990861237049102783
1.199247956275939941
0.642879128456115723
-0.435817658901214600
-0.192499279975891113
0.908828318119049072
0.001000000047497451
0.001000000047497451
0.001000000047497451
0.001000000047497451
0.001000000047497451
0.001000000047497451
0.001000000047497451
0.001000000047497451
0.001000000047497451
0.001000000047497451
-1.233106732368469238
-1.233106732368469238
-1.233106732368469238
-1.233106732368469238
-1.233106732368469238
1.440630912780761719
0.361484348773956299
0.723524034023284912
-0.378421247005462646
0.483475208282470703
-0.328992307186126709
1.210003733634948730
-1.145445466041564941
2.498992204666137695
-2.436002016067504883
1.337427616119384766
-0.654908120632171631
0.540909707546234131
-0.387014120817184448
-0.584990143775939941
0.279177784919738770
-0.974982142448425293
2.537035226821899414
-2.268306255340576172
2.999577283859252930
-2.195095539093017578
0.954201817512512207
-0.177968531847000122
0.397234827280044556
0.938921868801116943
-0.248183935880661011
1.120608210563659668
-1.261138319969177246
1.798364996910095215
-0.380201876163482666
0.029649630188941956
0.091736570000648499
-1.138087153434753418
-1.205660343170166016
-0.538645327091217041
-1.505524992942810059
-0.107842035591602325
-1.099479079246520996
0.130911499261856079
-0.683876097202301025
-0.166809096932411194
0.388021945953369141
-0.370141535997390747
0.435674488544464111
0.050611387938261032
0.567401230335235596
-0.103680372238159180
0.480355888605117798
-0.267184197902679443
0.546629548072814941
0.638708472251892090
-0.298260778188705444
0.315540403127670288
0.362427622079849243
0.547353923320770264
0.044736072421073914
0.809867680072784424
-0.403708964586257935
0.859140932559967041
-0.075257427990436554
0.433549314737319946
0.818562448024749756
-0.227768912911415100
0.491518348455429077
-1.144552707672119141
0.003469237592071295
-1.409446477890014648
0.235175162553787231
-1.009315013885498047
0.432948857545852661
0.285703182220458984
0.726772427558898926
-0.564444243907928467
1.073487520217895508
-0.696011781692504883
0.856827437877655029
-0.336313188076019287
1.381813526153564453
-0.469182401895523071
0.758101165294647217
-0.209371164441108704
1.818019986152648926
-0.088729724287986755
-0.653095543384552002
0.953810036182403564
-1.498031497001647949
1.375768065452575684
-0.508131802082061768
0.896535336971282959
-0.477333545684814453
1.414795994758605957
-0.446547657251358032
1.219985485076904297
0.040324307978153229
-0.113219469785690308
1.302888989448547363
-0.518142580986022949
0.465623795986175537
-0.206815928220748901
0.942272603511810303
-0.237896323204040527
1.058769106864929199
-1.192469596862792969
1.332360148429870606
-0.608457684516906738
0.823735535144805908
-1.279196500778198242
0.254459142684936523
-0.590668618679046631
0.208859130740165710
-0.155974522233009338
-0.534003734588623047
0.303394287824630737
-0.588747322559356689
0.673660635948181152
-0.471533775329589844
-0.552995324134826660
0.222752794623374939
0.329055100679397583
-0.997427821159362793
0.696275830268859863
0.162222266197204590
0.039805285632610321
1.127080082893371582
-0.557193875312805176
0.316520243883132935
0.178459420800209045
-0.238793253898620605
1.851712584495544434
0.001000000047497451
0.001000000047497451
0.001000000047497451
0.001000000047497451
0.001000000047497451
0.001000000047497451
0.001000000047497451
0.001000000047497451
0.001000000047497451
0.001000000047497451
-1.928564429283142090
-1.928564429283142090
-1.928564429283142090
-1.928564429283142090
-1.928564429283142090
-3.120235681533813476
1.143562436103820801
0.219185233116149902
0.450823187828063965
1.040519595146179199
-0.512313902378082275
1.031875014305114746
-0.165232390165328980
1.198177456855773926
-0.539981544017791748
-0.593032479286193848
1.394463419914245606
-0.418269097805023193
1.310431361198425293
0.055435828864574432
1.006551980972290039
-0.377636879682540894
1.966152787208557129
-0.408098012208938599
0.191178902983665466
1.140421628952026367
-0.091876067221164703
1.036408543586730957
-0.040794190019369125
1.008639931678771973
0.203675150871276855
1.965896487236022949
0.280869424343109131
0.617353498935699463
1.151943683624267578
-0.344190001487731934
1.165400147438049316
-0.572812378406524658
1.583387851715087891
-0.882646322250366211
0.951022148132324219
-0.280803322792053223
0.515752375125885010
-0.920192837715148926
0.883260846138000488
-0.082685910165309906
-0.175065934658050537
0.642680108547210693
-0.999370276927947998
1.059483289718627930
-0.976726293563842773
1.880220174789428711
-0.896885752677917480
0.998602092266082764
-0.579444766044616699
2.248339176177978516
-1.055102348327636719
1.497913479804992676
-0.701987922191619873
0.086399689316749573
1.943294882774353027
-1.534030556678771973
1.437236189842224121
-1.247960686683654785
-0.114995062351226807
-1.046080708503723144
1.133500099182128906
-0.173196002840995789
0.188536703586578369
0.522976696491241455
-0.526102900505065918
0.662706136703491211
-0.853857338428497314
0.396899014711380005
-1.179833889007568359
1.102932929992675781
-1.509747862815856934
1.390519022941589356
-1.922726869583129883
0.741419613361358643
-0.134125813841819763
-0.749780356884002686
0.524382352828979492
-0.696559309959411621
0.096889160573482513
-0.809278786182403564
0.423675775527954102
-0.652697682380676270
-0.193430647253990173
-0.229281127452850342
-1.022144913673400879
0.529999494552612305
-1.423514127731323242
0.372306615114212036
-1.624473333358764648
-0.207420006394386292
-0.002932764356955886
-1.727432608604431152
1.200800061225891113
-1.449956893920898438
1.150006294250488281
-0.302341461181640625
0.364597558975219727
0.029214909300208092
0.195064276456832886
0.785094916820526123
-0.144075721502304077
0.792336165904998779
-0.815807759761810303
1.221517205238342285
0.054466888308525085
0.223398298025131226
0.293732285499572754
0.105788081884384155
0.880893111228942871
0.250213235616683960
1.104450345039367676
-0.636314272880554199
1.242334008216857910
-0.250778347253799438
0.296810120344161987
0.180119618773460388
-0.147233456373214722
0.459791094064712524
-1.775167465209960938
-0.213019475340843201
-0.696904718875885010
0.235848531126976013
-0.096200793981552124
-0.753552973270416260
-0.041827481240034103
-1.042830944061279297
0.742818832397460938
2.472840547561645508
0.001000000047497451
0.001000000047497451
0.001000000047497451
0.001000000047497451
0.001000000047497451
0.001000000047497451
0.001000000047497451
0.001000000047497451
0.001000000047497451
0.001000000047497451
-0.840428471565246582
-0.840428471565246582
-0.840428471565246582
-0.840428471565246582
-0.840428471565246582
-2.210450649261474609
1.760651946067810059
-0.167120411992073059
1.222695231437683106
0.704258024692535400
0.823155581951141357
1.017203330993652344
0.324713498353958130
-1.119296550750732422
1.605461597442626953
-1.218990802764892578
0.253331065177917480
-0.638673126697540283
0.382129162549972534
-0.223798677325248718
-0.215022951364517212
-0.062942676246166229
-2.211710453033447266
1.341784715652465820
-1.864113688468933106
1.381347656250000000
-0.496595352888107300
0.031728159636259079
-0.532604515552520752
-0.317955851554870605
-0.792419612407684326
-1.026932239532470703
0.150297343730926514
-1.204174041748046875
0.022649731487035751
-1.308138728141784668
0.050858672708272934
0.334188282489776611
-0.750267386436462402
0.412277072668075562
0.286385357379913330
0.280675917863845825
-0.123942606151103973
0.015191568993031979
0.240967109799385071
-0.028831908479332924
1.168535947799682617
-0.501567065715789795
0.682826578617095947
-0.049053616821765900
0.654662311077117920
-0.646627604961395264
0.859625160694122314
-0.314288169145584106
1.201679825782775879
0.696505665779113770
-0.368144929409027100
0.292118161916732788
0.528094053268432617
0.908526360988616943
0.304601609706878662
0.345890313386917114
0.450538963079452515
0.955686569213867188
0.457168161869049072
0.374839365482330322
-0.866784751415252686
-0.077904336154460907
0.174365192651748657
-4.151816844940185547
0.452544897794723511
-2.587531089782714844
0.297805190086364746
-1.972749829292297363
1.176506757736206055
-2.130391120910644531
0.207882165908813477
-0.314593374729156494
1.455408215522766113
0.520727396011352539
0.704422235488891602
0.360966801643371582
-0.325939446687698364
-0.224346548318862915
0.575239062309265137
-0.665079057216644287
-1.716575026512145996
1.262884736061096191
-0.772744774818420410
0.519407987594604492
-0.086543343961238861
0.189575195312500000
-0.070197388529777527
0.366896510124206543
-0.409496307373046875
0.689670562744140625
-0.941564500331878662
0.176554903388023376
0.222864791750907898
-0.355053335428237915
0.297624737024307251
0.145911246538162231
0.105007752776145935
-0.260283052921295166
1.401002526283264160
-0.736580789089202881
0.382052123546600342
0.491602420806884766
-0.044477786868810654
0.494654536247253418
-0.423903077840805054
1.562622547149658203
0.000968114938586950
1.397577524185180664
-0.685087561607360840
1.285658955574035644
-0.851673543453216553
1.111778497695922852
-0.670592725276947022
0.390900909900665283
-0.412341743707656860
0.251819550991058350
-0.018775014206767082
-0.897192358970642090
2.176231145858764648
-1.808661341667175293
0.967850387096405029
-0.833424508571624756
0.109243549406528473
-0.485257416963577270
-0.346918135881423950
0.248159766197204590
-0.734411537647247314
1.327432036399841309
0.001000000047497451
0.001000000047497451
0.001000000047497451
0.001000000047497451
0.001000000047497451
0.001000000047497451
0.001000000047497451
0.001000000047497451
0.001000000047497451
0.001000000047497451
-0.364956557750701904
-0.364956557750701904
-0.364956557750701904
-0.364956557750701904
-0.364956557750701904
-1.900738477706909180
1.373830556869506836
-1.001044273376464844
0.351856201887130737
0.274918019771575928
-0.409780174493789673
0.345045596361160278
0.221471652388572693
-0.661200821399688721
0.977469086647033691
-0.619545519351959228
-0.389069795608520508
1.049117326736450195
-0.703097939491271973
1.206601381301879883
-0.026815854012966156
1.144890308380126953
0.730531334877014160
0.811882197856903076
-0.158344581723213196
0.691035985946655273
-0.101569913327693939
0.265952825546264648
0.377558261156082153
-0.182929769158363342
0.716700375080108643
0.367098659276962280
1.052584648132324219
-0.475935488939285278
0.968199014663696289
-0.786743044853210449
1.227372646331787109
-0.245477840304374695
0.819055020809173584
0.362502217292785645
-0.439221292734146118
0.501588940620422363
-0.103828571736812592
0.470989793539047241
-0.173413336277008057
0.254642277956008911
-0.569603025913238525
1.016091346740722656
-0.665358901023864746
1.063292503356933594
-0.668835759162902832
0.809187293052673340
-0.694103777408599854
0.385166078805923462
-0.030262133106589317
-0.914372324943542480
0.644085764884948730
-0.955130577087402344
0.251265853643417358
0.355106443166732788
-1.054849982261657715
0.871412813663482666
-0.666411936283111572
0.591378152370452881
-1.198515653610229492
0.775441110134124756
0.435925930738449097
-0.285811126232147217
1.302603125572204590
-0.741238951683044434
1.383192181587219238
-1.780973672866821289
2.109519481658935547
-1.540486574172973633
1.177940249443054199
-1.951254367828369141
1.788571715354919434
-0.426141977310180664
0.657532274723052978
1.405288696289062500
-1.420190811157226562
1.209909558296203613
-0.419128984212875366
0.158488452434539795
1.294907689094543457
-0.423957228660583496
2.294631004333496094
-1.665482163429260254
2.948690652847290039
-1.795136094093322754
1.080644488334655762
-1.312500238418579102
1.818189263343811035
-0.417564421892166138
0.671847820281982422
0.218582034111022949
-0.026491835713386536
0.910184264183044434
-0.770832061767578125
1.835059404373168945
-1.578424930572509766
0.648779273033142090
-0.593360424041748047
0.841868996620178223
-0.061559874564409256
-0.109870731830596924
1.604470729827880859
-1.161420702934265137
0.597952246665954590
-0.947073936462402344
-0.179069340229034424
-0.802721917629241943
-0.301574558019638062
-2.589736700057983398
1.111308813095092773
-1.763511896133422852
0.808072566986083984
-1.929330348968505859
0.579837441444396973
-0.643854379653930664
-0.093217015266418457
0.414996087551116943
-0.817147612571716309
1.221043705940246582
-1.302811264991760254
0.967583537101745606
-0.827504396438598633
0.209409400820732117
-0.726542890071868896
0.294175505638122559
0.522023797035217285
-1.313928484916687012
0.906368851661682129
0.518821418285369873
0.001000000047497451
0.001000000047497451
0.001000000047497451
0.001000000047497451
0.001000000047497451
0.001000000047497451
0.001000000047497451
0.001000000047497451
0.001000000047497451
0.001000000047497451
-0.633927643299102783
-0.633927643299102783
-0.633927643299102783
-0.633927643299102783
-0.633927643299102783
0.513655722141265869
-0.322880327701568604
-0.617688894271850586
-0.890581309795379639
-1.890482902526855469
-0.090288810431957245
-0.698648452758789062
-0.033085104078054428
-0.445856600999832153
0.206516295671463013
-0.282483696937561035
0.083932437002658844
-1.236521124839782715
-1.432263255119323730
-0.127101644873619080
-2.178431749343872070
-0.535827159881591797
-2.106480836868286133
0.087173968553543091
-1.515214443206787109
-0.100320778787136078
-0.399877101182937622
-0.626672685146331787
-1.480931878089904785
0.681841075420379639
-2.557376384735107422
-1.738089084625244141
-2.018208742141723633
-0.366750895977020264
-1.713107228279113770
-2.670258998870849610
0.757807791233062744
-1.555936217308044434
-0.161963939666748047
-1.951384902000427246
2.189433574676513672
-1.278155684471130371
1.132636308670043945
0.707427203655242920
-1.716167807579040527
2.003571748733520508
0.251619398593902588
-0.307055026292800903
-1.009343147277832031
0.857454657554626465
-1.286614894866943359
1.522027611732482910
-0.002342136111110449
-0.370011866092681885
0.957776367664337158
-0.209461078047752380
0.786832571029663086
0.033937994390726089
0.883320212364196777
-1.632593274116516113
0.198907509446144104
-0.491152882575988770
-0.474980801343917847
-1.185774087905883789
0.560714781284332275
-0.240496829152107239
-1.618766546249389648
1.233502745628356934
-1.893950581550598144
1.449649691581726074
-0.997724115848541260
1.006008982658386230
-0.228310033679008484
0.844731390476226807
-1.138115644454956055
1.268399596214294434
-3.328294277191162110
1.431342959403991699
-2.873908758163452148
-1.295747995376586914
-1.931333780288696289
-0.581533849239349365
-1.896329760551452637
0.426144480705261230
-2.684277534484863281
1.061650156974792480
-0.308517456054687500
-1.697924733161926270
1.025784134864807129
-0.746999144554138184
-1.471455574035644531
-0.120450347661972046
-0.467527896165847778
-2.080589771270751953
0.827896237373352051
-2.234550476074218750
0.219478562474250793
1.081734895706176758
-2.427294492721557617
1.474809050559997559
-0.495086193084716797
-1.591299414634704590
0.053004547953605652
-1.378634452819824219
-0.733118176460266113
-0.463550776243209839
-0.806317448616027832
-1.634693026542663574
3.813324689865112305
-3.179578304290771484
2.084686994552612305
-1.570678114891052246
-0.831579685211181641
-0.501450240612030029
-0.650725543498992920
-1.944440245628356934
-0.568639159202575684
-0.023547090590000153
-0.373109966516494751
0.473510444164276123
-1.976711869239807129
-0.823332846164703369
0.331504255533218384
-0.664272010326385498
-0.152256354689598084
0.270005643367767334
-0.393876641988754272
0.402694076299667358
-0.329952299594879150
0.105332776904106140
-0.336450338363647461
0.517455697059631348
-0.997058570384979248
0.972670733928680420
0.001000000047497451
0.001000000047497451
0.001000000047497451
0.001000000047497451
0.001000000047497451
0.001000000047497451
0.001000000047497451
0.001000000047497451
0.001000000047497451
0.001000000047497451
-0.388060986995697022
-0.388060986995697022
-0.388060986995697022
-0.388060986995697022
-0.388060986995697022
1.524163603782653809
-0.430857390165328980
0.121983997523784637
0.791041970252990723
-0.408775478601455688
0.575259149074554443
0.304079920053482056
-0.694170892238616943
0.325732827186584473
-0.570592820644378662
-0.469406545162200928
-1.014407396316528320
-0.861138105392456055
-0.550827860832214355
-0.506207048892974854
-1.394630074501037598
-0.393810778856277466
0.256272017955780029
-0.437572836875915527
-0.893763124942779541
1.123571276664733887
-0.501537978649139404
0.772267401218414307
-0.533323168754577637
0.381544321775436401
-0.090439915657043457
-0.315030544996261597
-0.065209060907363892
-2.367596149444580078
-0.666859805583953857
-1.085684657096862793
-0.626917600631713867
-0.964212536811828613
-0.451076209545135498
-1.135225415229797363
-0.224088281393051147
-1.078924536705017090
-1.066972851753234863
-1.398799777030944824
-0.411939084529876709
-1.639145851135253906
0.330816000699996948
-0.019803203642368317
-1.066273808479309082
0.346586763858795166
-1.394052863121032715
0.066669352352619171
-0.941550731658935547
-0.078290671110153198
-0.734722018241882324
-0.591166138648986816
0.991902768611907959
-2.428315639495849610
2.885787487030029297
-0.578994393348693848
-0.195917442440986633
0.627738416194915772
-0.631388604640960693
-0.592696130275726318
0.041668687015771866
-0.849983811378479004
2.635048627853393555
-1.408074617385864258
-0.230125814676284790
1.031751155853271484
-0.165919348597526550
1.163033962249755859
-0.120456248521804810
0.208184719085693359
2.072091579437255859
-2.003063201904296875
3.472909212112426758
-2.792130947113037110
3.567277431488037110
-0.700422465801239014
0.537126481533050537
0.703796923160552978
-0.835726976394653320
1.727329969406127930
-0.911159038543701172
1.158909440040588379
-3.061444997787475586
3.138525962829589844
-1.705588102340698242
2.032178640365600586
-0.780256152153015137
0.512335181236267090
-0.177450686693191528
-0.174623385071754456
0.053936365991830826
-0.119450472295284271
0.452207386493682861
-0.793841421604156494
1.248893022537231445
-1.415890455245971680
1.043125271797180176
0.273155778646469116
-0.088224157691001892
0.215567752718925476
-1.082175731658935547
1.220076203346252441
-2.378785848617553711
1.118858218193054199
-0.675478041172027588
1.003807306289672852
0.756965160369873047
-1.034056663513183594
1.239060282707214356
-1.552815914154052734
2.160576105117797852
-0.735827565193176270
0.715903282165527344
-0.479458183050155640
0.211049109697341919
-0.173046573996543884
-1.222530245780944824
0.335027605295181274
-0.411076664924621582
0.522599577903747559
-0.837571382522583008
-0.321484625339508057
-0.480972319841384888
-0.131410881876945496
0.607763886451721191
-1.348215937614440918
-0.271892070770263672
0.092803902924060822
0.594348132610321045
0.219246506690979004
0.001000000047497451
0.001000000047497451
0.001000000047497451
0.001000000047497451
0.001000000047497451
0.001000000047497451
0.001000000047497451
0.001000000047497451
0.001000000047497451
0.001000000047497451
-0.268329679965972900
-0.268329679965972900
-0.268329679965972900
-0.268329679965972900
-0.268329679965972900
0.500675439834594727
-1.169413089752197266
-0.485599130392074585
-1.172203898429870606
-1.142805337905883789
-0.840707063674926758
-1.727189302444458008
0.001108780154027045
-0.429086416959762573
-0.335035473108291626
0.666944086551666260
0.378014355897903442
0.277120739221572876
0.310142874717712402
0.640540361404418945
0.078285142779350281
0.869880616664886475
0.149397686123847961
0.690996289253234863
-0.525394618511199951
0.749260306358337402
-0.355304598808288574
0.108053050935268402
0.583868682384490967
-0.413377374410629272
1.355479836463928223
-0.411661237478256226
1.606699466705322266
-0.990350902080535889
1.440998435020446777
0.181546911597251892
-0.438771665096282959
1.394721388816833496
-1.154329419136047363
1.254917263984680176
-1.040810346603393555
1.115200161933898926
-0.517929315567016602
0.552403211593627930
-0.673960983753204346
0.697925269603729248
-1.139898180961608887
-0.595319628715515137
0.509912312030792236
-2.174344062805175781
0.635028839111328125
-1.955474376678466797
0.235592111945152283
-1.797964811325073242
-0.147472426295280457
-2.638588905334472656
0.276488035917282104
0.153220802545547485
-2.383895397186279297
-0.244737878441810608
-2.605024814605712890
-0.570503175258636475
-2.572097063064575195
-0.570250809192657471
-2.289545774459838867
-0.200100481510162354
-1.786913633346557617
-0.199867144227027893
0.232701957225799561
1.352291584014892578
0.067494086921215057
1.883353352546691894
-0.239971905946731567
1.165554046630859375
-0.825772583484649658
0.701534330844879150
0.177382171154022217
-0.702890753746032715
-0.056810010224580765
-0.651019334793090820
0.133209183812141418
-0.550345778465270996
0.316299945116043091
0.381165564060211182
-1.081516623497009277
1.184853792190551758
-0.715267956256866455
0.552580714225769043
-0.866081655025482178
1.049565196037292480
-1.017102479934692383
0.949000418186187744
-0.524537444114685059
0.629592657089233398
-0.343765139579772949
-0.354869425296783447
0.528591454029083252
-0.600951433181762695
0.178601086139678955
-1.046766996383666992
1.024387001991271973
-1.114115715026855469
0.629586875438690186
-0.391026616096496582
-0.856742858886718750
0.108430042862892151
0.235807240009307861
-0.237419202923774719
-0.408224970102310181
-0.040327351540327072
-0.420477658510208130
-0.129961699247360229
-0.693066358566284180
-0.097683407366275787
-0.168233409523963928
-0.353917390108108520
0.305265069007873535
0.248899966478347778
-0.059585750102996826
0.119643077254295349
0.232754528522491455
-0.009294464252889156
-0.228732392191886902
0.796827077865600586
-1.338520646095275879
1.105301022529602051
-0.705206036567687988
0.617448031902313232
-0.431359261274337769
0.272416114807128906
0.152578011155128479
-0.882835745811462402
0.519813001155853272
0.606876730918884277
0.001000000047497451
0.001000000047497451
0.001000000047497451
0.001000000047497451
0.001000000047497451
0.001000000047497451
0.001000000047497451
0.001000000047497451
0.001000000047497451
0.001000000047497451
-0.071333520114421844
-0.071333520114421844
-0.071333520114421844
-0.071333520114421844
-0.071333520114421844
0.304541647434234619
-1.227022290229797363
0.195289209485054016
-0.304435551166534424
-0.489331901073455811
-0.277061283588409424
-0.737965583801269531
-0.779636323451995850
-0.185542196035385132
-0.885187566280364990
0.518138051033020020
-1.191392540931701660
0.043897263705730438
-0.612301766872406006
-0.365153938531875610
-0.473499536514282227
-0.742257297039031982
-0.151793614029884338
-1.711631655693054199
1.156004309654235840
-2.245461940765380859
1.188947558403015137
-1.368257284164428711
0.310847103595733643
-1.348915934562683106
-0.001305134617723525
-0.693447649478912354
-0.545973479747772217
0.015776393935084343
-1.258648395538330078
1.547068238258361816
-1.740496873855590820
0.847279489040374756
0.259363055229187012
-0.033310957252979279
0.256239235401153564
-0.412037819623947144
0.193761229515075684
-0.068367749452590942
-0.364655524492263794
0.072974994778633118
-0.273421347141265869
-0.001543574733659625
0.746190607547760010
-1.010651588439941406
0.740264713764190674
-0.963932156562805176
0.832965970039367676
-0.831769645214080811
0.724010467529296875
-1.004739284515380859
0.745376050472259522
-0.209661737084388733
-0.219989404082298279
0.681856393814086914
-0.939513087272644043
1.016020894050598144
-0.536321103572845459
0.695601582527160644
-0.797837257385253906
0.736712813377380371
-0.157488569617271423
0.677140057086944580
0.461007833480834961
0.395895898342132568
0.616745054721832275
-0.979472517967224121
0.386104851961135864
0.262120276689529419
-0.211876228451728821
0.609282016754150391
-1.097152233123779297
1.519712090492248535
-2.037732124328613281
1.144782185554504394
-1.316519975662231445
0.591488361358642578
-1.815892696380615234
0.672785162925720215
-0.655663371086120606
-0.305701434612274170
-0.552379786968231201
-0.654041290283203125
0.786685883998870850
-1.804023027420043945
2.120436429977416992
-2.487787246704101562
0.139761939644813538
-1.479302287101745606
0.496316492557525635
-1.372619986534118652
0.038125753402709961
-0.829574942588806152
-0.628291785717010498
0.354283273220062256
-1.598654389381408691
0.291419237852096558
-0.302202612161636353
-0.486596733331680298
-0.307495862245559692
-0.328450560569763184
-0.841115653514862061
0.355769395828247070
-0.861801564693450928
0.981540083885192871
-0.651877641677856445
0.884766519069671631
-0.474965184926986694
0.862272024154663086
-0.572606027126312256
1.062976837158203125
-0.305046379566192627
0.293759793043136597
-0.168642640113830566
-0.391832768917083740
0.256303071975708008
-0.013209942728281021
0.027763817459344864
-0.990991055965423584
0.984248876571655273
-1.049807310104370117
0.363891690969467163
-0.570399105548858643
-0.017380136996507645
-0.116855382919311523
-0.350854039192199707
0.171281844377517700
-0.050684869289398193
0.434250295162200928
0.001000000047497451
0.001000000047497451
0.001000000047497451
0.001000000047497451
0.001000000047497451
0.001000000047497451
0.001000000047497451
0.001000000047497451
0.001000000047497451
0.001000000047497451
-1.657311201095581055
-1.657311201095581055
-1.657311201095581055
-1.657311201095581055
-1.657311201095581055
1.892732977867126465
-1.394552350044250488
0.374799698591232300
0.330151766538619995
0.288669496774673462
0.802240252494812012
-0.515537261962890625
1.137248039245605469
-0.444721043109893799
0.452168762683868408
0.113250680267810822
-0.308383524417877197
0.682334482669830322
0.281243473291397095
-0.131410092115402222
0.456774204969406128
0.603649735450744629
-0.317242175340652466
0.837662577629089356
-0.207477271556854248
0.881116926670074463
0.088367804884910584
0.286650061607360840
1.000020623207092285
-0.084040112793445587
1.507668495178222656
-0.144878834486007690
1.381628632545471191
-1.157677054405212402
1.773442029953002930
-0.330766946077346802
1.884335160255432129
0.194438546895980835
0.807735741138458252
0.722093880176544189
-0.671606004238128662
0.329197227954864502
-0.988253176212310791
0.515664875507354736
-1.491931438446044922
0.332613110542297363
-2.170012950897216797
1.798317193984985352
-0.525289297103881836
0.476177573204040527
-0.424496442079544067
0.343402415513992310
-0.856880068778991699
0.835814893245697022
-1.479625225067138672
-1.184699296951293945
1.160464406013488770
-1.617160081863403320
1.605940580368041992
-0.657532513141632080
2.367456197738647461
-0.693778336048126221
1.548973202705383301
0.524461805820465088
-0.239155858755111694
1.286093473434448242
-1.275999903678894043
1.705121159553527832
-0.651220619678497314
1.745861411094665527
-0.411308169364929199
2.437029600143432617
-0.983191370964050293
0.954497516155242920
0.276299387216567993
-0.490296304225921631
1.907138705253601074
-1.518884897232055664
1.394906759262084961
-0.822031080722808838
0.986844062805175781
-0.280736535787582397
0.891589760780334473
-0.777961909770965576
0.633192956447601318
-0.635131537914276123
-0.278919667005538940
0.561035513877868652
-0.319624334573745728
-0.385067373514175415
0.926655769348144531
0.568324446678161621
-0.312970280647277832
1.113523721694946289
-0.595515787601470947
1.419305086135864258
-0.535130441188812256
0.257653594017028809
0.159458026289939880
0.499671667814254761
-1.092008113861083984
1.165360569953918457
-0.474863648414611816
0.294774532318115234
0.151660278439521790
-0.590979695320129394
-0.744453489780426025
0.362303763628005981
-2.057394981384277344
0.322890818119049072
-1.204104661941528320
0.178699761629104614
-0.051926616579294205
0.841894090175628662
-1.248633861541748047
1.007206797599792480
-0.982915461063385010
0.484921336174011230
-0.843196630477905273
-0.654519915580749512
1.286395311355590820
-0.672813296318054199
0.962631642818450928
-1.086006760597229004
1.516151189804077148
-0.565448522567749023
1.441824674606323242
-0.856320261955261230
0.490937381982803345
0.086858242750167847
-0.412365823984146118
1.383352279663085938
-0.838174521923065186
2.304368257522583008
0.001000000047497451
0.001000000047497451
0.001000000047497451
0.001000000047497451
0.001000000047497451
0.001000000047497451
0.001000000047497451
0.001000000047497451
0.001000000047497451
0.001000000047497451
0.001000000047497451
0.001000000047497451
0.001000000047497451
0.001000000047497451
0.001000000047497451
0.258492588996887207
-0.153796479105949402
0.011458305642008781
-0.110208347439765930
-0.082512989640235901
-0.032510418444871902
-0.153259947896003723
-0.008203071542084217
-0.203036054968833923
0.152587845921516418
0.030350146815180779
-0.009822266176342964
-0.005367801059037447
-0.018004016950726509
0.033808980137109756
0.006911557633429766
0.062261708080768585
-0.209471642971038818
0.084674909710884094
-0.051323346793651581
-0.122241154313087463
-0.034345537424087524
-0.067797675728797913
-0.060313723981380463
-0.150234252214431763
-0.042495165020227432
-0.137871935963630676
-0.026826022192835808
0.065091021358966827
-0.242871612310409546
0.315742164850234985
-0.359313845634460449
0.204546555876731873
-0.068558052182197571
0.139701858162879944
0.043970488011837006
0.047669749706983566
0.149496167898178101
0.046581044793128967
0.190590888261795044
-0.041962187737226486
0.145024850964546204
-0.156509622931480408
0.174572616815567017
-0.189858451485633850
0.174433797597885132
-0.267909049987792969
0.154473096132278442
-0.114434756338596344
0.091405183076858521
-0.202585682272911072
0.038442768156528473
-0.019940802827477455
-0.160574033856391907
0.044288482517004013
-0.421165525913238525
0.178369417786598206
-0.232362315058708191
0.062195878475904465
0.059583753347396851
-0.011825010180473328
-0.007352443411946297
-0.102846242487430573
0.050719499588012695
0.031171321868896484
0.095871739089488983
-0.081910066306591034
0.123419575393199921
0.078077264130115509
0.016227360814809799
0.056017674505710602
-0.009452181868255138
0.086235277354717255
0.005852458067238331
0.062393244355916977
-0.001298288232646883
0.099323436617851257
-0.083570502698421478
0.144427388906478882
0.022567309439182281
0.119056195020675659
-0.014229236170649529
0.017194250598549843
0.123934015631675720
-0.005891558714210987
0.245951056480407715
-0.182072609663009644
0.220177426934242249
-0.082517609000205994
0.253990769386291504
-0.099099837243556976
0.088859684765338898
0.093039080500602722
-0.100047327578067780
0.132515713572502136
-0.128049582242965698
0.012575515545904636
0.028003225103020668
0.014314103871583939
-0.053887471556663513
-0.009010539390146732
0.082040227949619293
0.016820596531033516
0.064528852701187134
0.002954194089397788
-0.034090407192707062
0.147306233644485474
-0.056877266615629196
0.069180853664875031
-0.035156611353158951
0.033946219831705093
0.027567181736230850
0.050545401871204376
0.018418114632368088
0.035101380199193954
0.047139607369899750
0.093837894499301910
-0.024698715656995773
0.049074735492467880
0.178164303302764893
0.082485742866992950
-0.034141365438699722
0.092310331761837006
-0.091570243239402771
0.202841520309448242
0.042227104306221008
0.029768869280815125
0.066534817218780518
-1.257115483283996582
0.001000000047497451
0.001000000047497451
0.001000000047497451
0.001000000047497451
0.001000000047497451
0.001000000047497451
0.001000000047497451
0.001000000047497451
0.001000000047497451
0.001000000047497451
0.001000000047497451
0.001000000047497451
0.001000000047497451
0.001000000047497451
0.001000000047497451
0.258492588996887207
-0.153796479105949402
0.011458305642008781
-0.110208347439765930
-0.082512989640235901
-0.032510418444871902
-0.153259947896003723
-0.008203071542084217
-0.203036054968833923
0.152587845921516418
0.030350146815180779
-0.009822266176342964
-0.005367801059037447
-0.018004016950726509
0.033808980137109756
0.006911557633429766
0.062261708080768585
-0.209471642971038818
0.084674909710884094
-0.051323346793651581
-0.122241154313087463
-0.034345537424087524
-0.067797675728797913
-0.060313723981380463
-0.150234252214431763
-0.042495165020227432
-0.137871935963630676
-0.026826022192835808
0.065091021358966827
-0.242871612310409546
0.315742164850234985
-0.359313845634460449
0.204546555876731873
-0.068558052182197571
0.139701858162879944
0.043970488011837006
0.047669749706983566
0.149496167898178101
0.046581044793128967
0.190590888261795044
-0.041962187737226486
0.145024850964546204
-0.156509622931480408
0.174572616815567017
-0.189858451485633850
0.174433797597885132
-0.267909049987792969
0.154473096132278442
-0.114434756338596344
0.091405183076858521
-0.202585682272911072
0.038442768156528473
-0.019940802827477455
-0.160574033856391907
0.044288482517004013
-0.421165525913238525
0.178369417786598206
-0.232362315058708191
0.062195878475904465
0.059583753347396851
-0.011825010180473328
-0.007352443411946297
-0.102846242487430573
0.050719499588012695
0.031171321868896484
0.095871739089488983
-0.081910066306591034
0.123419575393199921
0.078077264130115509
0.016227360814809799
0.056017674505710602
-0.009452181868255138
0.086235277354717255
0.005852458067238331
0.062393244355916977
-0.001298288232646883
0.099323436617851257
-0.083570502698421478
0.144427388906478882
0.022567309439182281
0.119056195020675659
-0.014229236170649529
0.017194250598549843
0.123934015631675720
-0.005891558714210987
0.245951056480407715
-0.182072609663009644
0.220177426934242249
-0.082517609000205994
0.253990769386291504
-0.099099837243556976
0.088859684765338898
0.093039080500602722
-0.100047327578067780
0.132515713572502136
-0.128049582242965698
0.012575515545904636
0.028003225103020668
0.014314103871583939
-0.053887471556663513
-0.009010539390146732
0.082040227949619293
0.016820596531033516
0.064528852701187134
0.002954194089397788
-0.034090407192707062
0.147306233644485474
-0.056877266615629196
0.069180853664875031
-0.035156611353158951
0.033946219831705093
0.027567181736230850
0.050545401871204376
0.018418114632368088
0.035101380199193954
0.047139607369899750
0.093837894499301910
-0.024698715656995773
0.049074735492467880
0.178164303302764893
0.082485742866992950
-0.034141365438699722
0.092310331761837006
-0.091570243239402771
0.202841520309448242
0.042227104306221008
0.029768869280815125
0.066534817218780518
-1.257115483283996582
0.001000000047497451
0.001000000047497451
0.001000000047497451
0.001000000047497451
0.001000000047497451
0.001000000047497451
0.001000000047497451
0.001000000047497451
0.001000000047497451
0.001000000047497451
0.001000000047497451
0.001000000047497451
0.001000000047497451
0.001000000047497451
0.001000000047497451
0.258492588996887207
-0.153796479105949402
0.011458305642008781
-0.110208347439765930
-0.082512989640235901
-0.032510418444871902
-0.153259947896003723
-0.008203071542084217
-0.203036054968833923
0.152587845921516418
0.030350146815180779
-0.009822266176342964
-0.005367801059037447
-0.018004016950726509
0.033808980137109756
0.006911557633429766
0.062261708080768585
-0.209471642971038818
0.084674909710884094
-0.051323346793651581
-0.122241154313087463
-0.034345537424087524
-0.067797675728797913
-0.060313723981380463
-0.150234252214431763
-0.042495165020227432
-0.137871935963630676
-0.026826022192835808
0.065091021358966827
-0.242871612310409546
0.315742164850234985
-0.359313845634460449
0.204546555876731873
-0.068558052182197571
0.139701858162879944
0.043970488011837006
0.047669749706983566
0.149496167898178101
0.046581044793128967
0.190590888261795044
-0.041962187737226486
0.145024850964546204
-0.156509622931480408
0.174572616815567017
-0.189858451485633850
0.174433797597885132
-0.267909049987792969
0.154473096132278442
-0.114434756338596344
0.091405183076858521
-0.202585682272911072
0.038442768156528473
-0.019940802827477455
-0.160574033856391907
0.044288482517004013
-0.421165525913238525
0.178369417786598206
-0.232362315058708191
0.062195878475904465
0.059583753347396851
-0.011825010180473328
-0.007352443411946297
-0.102846242487430573
0.050719499588012695
0.031171321868896484
0.095871739089488983
-0.081910066306591034
0.123419575393199921
0.078077264130115509
0.016227360814809799
0.056017674505710602
-0.009452181868255138
0.086235277354717255
0.005852458067238331
0.062393244355916977
-0.001298288232646883
0.099323436617851257
-0.083570502698421478
0.144427388906478882
0.022567309439182281
0.119056195020675659
-0.014229236170649529
0.017194250598549843
0.123934015631675720
-0.005891558714210987
0.245951056480407715
-0.182072609663009644
0.220177426934242249
-0.082517609000205994
0.253990769386291504
-0.099099837243556976
0.088859684765338898
0.093039080500602722
-0.100047327578067780
0.132515713572502136
-0.128049582242965698
0.012575515545904636
0.028003225103020668
0.014314103871583939
-0.053887471556663513
-0.009010539390146732
0.082040227949619293
0.016820596531033516
0.064528852701187134
0.002954194089397788
-0.034090407192707062
0.147306233644485474
-0.056877266615629196
0.069180853664875031
-0.035156611353158951
0.033946219831705093
0.027567181736230850
0.050545401871204376
0.018418114632368088
0.035101380199193954
0.047139607369899750
0.093837894499301910
-0.024698715656995773
0.049074735492467880
0.178164303302764893
0.082485742866992950
-0.034141365438699722
0.092310331761837006
-0.091570243239402771
0.202841520309448242
0.042227104306221008
0.029768869280815125
0.066534817218780518
-1.257115483283996582
0.001000000047497451
0.001000000047497451
0.001000000047497451
0.001000000047497451
0.001000000047497451
0.001000000047497451
0.001000000047497451
0.001000000047497451
0.001000000047497451
0.001000000047497451
0.001000000047497451
0.001000000047497451
0.001000000047497451
0.001000000047497451
0.001000000047497451
0.258492588996887207
-0.153796479105949402
0.011458305642008781
-0.110208347439765930
-0.082512989640235901
-0.032510418444871902
-0.153259947896003723
-0.008203071542084217
-0.203036054968833923
0.152587845921516418
0.030350146815180779
-0.009822266176342964
-0.005367801059037447
-0.018004016950726509
0.033808980137109756
0.006911557633429766
0.062261708080768585
-0.209471642971038818
0.084674909710884094
-0.051323346793651581
-0.122241154313087463
-0.034345537424087524
-0.067797675728797913
-0.060313723981380463
-0.150234252214431763
-0.042495165020227432
-0.137871935963630676
-0.026826022192835808
0.065091021358966827
-0.242871612310409546
0.315742164850234985
-0.359313845634460449
0.204546555876731873
-0.068558052182197571
0.139701858162879944
0.043970488011837006
0.047669749706983566
0.149496167898178101
0.046581044793128967
0.190590888261795044
-0.041962187737226486
0.145024850964546204
-0.156509622931480408
0.174572616815567017
-0.189858451485633850
0.174433797597885132
-0.267909049987792969
0.154473096132278442
-0.114434756338596344
0.091405183076858521
-0.202585682272911072
0.038442768156528473
-0.019940802827477455
-0.160574033856391907
0.044288482517004013
-0.421165525913238525
0.178369417786598206
-0.232362315058708191
0.062195878475904465
0.059583753347396851
-0.011825010180473328
-0.007352443411946297
-0.102846242487430573
0.050719499588012695
0.031171321868896484
0.095871739089488983
-0.081910066306591034
0.123419575393199921
0.078077264130115509
0.016227360814809799
0.056017674505710602
-0.009452181868255138
0.086235277354717255
0.005852458067238331
0.062393244355916977
-0.001298288232646883
0.099323436617851257
-0.083570502698421478
0.144427388906478882
0.022567309439182281
0.119056195020675659
-0.014229236170649529
0.017194250598549843
0.123934015631675720
-0.005891558714210987
0.245951056480407715
-0.182072609663009644
0.220177426934242249
-0.082517609000205994
0.253990769386291504
-0.099099837243556976
0.088859684765338898
0.093039080500602722
-0.100047327578067780
0.132515713572502136
-0.128049582242965698
0.012575515545904636
0.028003225103020668
0.014314103871583939
-0.053887471556663513
-0.009010539390146732
0.082040227949619293
0.016820596531033516
0.064528852701187134
0.002954194089397788
-0.034090407192707062
0.147306233644485474
-0.056877266615629196
0.069180853664875031
-0.035156611353158951
0.033946219831705093
0.027567181736230850
0.050545401871204376
0.018418114632368088
0.035101380199193954
0.047139607369899750
0.093837894499301910
-0.024698715656995773
0.049074735492467880
0.178164303302764893
0.082485742866992950
-0.034141365438699722
0.092310331761837006
-0.091570243239402771
0.202841520309448242
0.042227104306221008
0.029768869280815125
0.066534817218780518
-1.257115483283996582
0.001000000047497451
0.001000000047497451
0.001000000047497451
0.001000000047497451
0.001000000047497451
0.001000000047497451
0.001000000047497451
0.001000000047497451
0.001000000047497451
0.001000000047497451
0.001000000047497451
0.001000000047497451
0.001000000047497451
0.001000000047497451
0.001000000047497451
0.258492588996887207
-0.153796479105949402
0.011458305642008781
-0.110208347439765930
-0.082512989640235901
-0.032510418444871902
-0.153259947896003723
-0.008203071542084217
-0.203036054968833923
0.152587845921516418
0.030350146815180779
-0.009822266176342964
-0.005367801059037447
-0.018004016950726509
0.033808980137109756
0.006911557633429766
0.062261708080768585
-0.209471642971038818
0.084674909710884094
-0.051323346793651581
-0.122241154313087463
-0.034345537424087524
-0.067797675728797913
-0.060313723981380463
-0.150234252214431763
-0.042495165020227432
-0.137871935963630676
-0.026826022192835808
0.065091021358966827
-0.242871612310409546
0.315742164850234985
-0.359313845634460449
0.204546555876731873
-0.068558052182197571
0.139701858162879944
0.043970488011837006
0.047669749706983566
0.149496167898178101
0.046581044793128967
0.190590888261795044
-0.041962187737226486
0.145024850964546204
-0.156509622931480408
0.174572616815567017
-0.189858451485633850
0.174433797597885132
-0.267909049987792969
0.154473096132278442
-0.114434756338596344
0.091405183076858521
-0.202585682272911072
0.038442768156528473
-0.019940802827477455
-0.160574033856391907
0.044288482517004013
-0.421165525913238525
0.178369417786598206
-0.232362315058708191
0.062195878475904465
0.059583753347396851
-0.011825010180473328
-0.007352443411946297
-0.102846242487430573
0.050719499588012695
0.031171321868896484
0.095871739089488983
-0.081910066306591034
0.123419575393199921
0.078077264130115509
0.016227360814809799
0.056017674505710602
-0.009452181868255138
0.086235277354717255
0.005852458067238331
0.062393244355916977
-0.001298288232646883
0.099323436617851257
-0.083570502698421478
0.144427388906478882
0.022567309439182281
0.119056195020675659
-0.014229236170649529
0.017194250598549843
0.123934015631675720
-0.005891558714210987
0.245951056480407715
-0.182072609663009644
0.220177426934242249
-0.082517609000205994
0.253990769386291504
-0.099099837243556976
0.088859684765338898
0.093039080500602722
-0.100047327578067780
0.132515713572502136
-0.128049582242965698
0.012575515545904636
0.028003225103020668
0.014314103871583939
-0.053887471556663513
-0.009010539390146732
0.082040227949619293
0.016820596531033516
0.064528852701187134
0.002954194089397788
-0.034090407192707062
0.147306233644485474
-0.056877266615629196
0.069180853664875031
-0.035156611353158951
0.033946219831705093
0.027567181736230850
0.050545401871204376
0.018418114632368088
0.035101380199193954
0.047139607369899750
0.093837894499301910
-0.024698715656995773
0.049074735492467880
0.178164303302764893
0.082485742866992950
-0.034141365438699722
0.092310331761837006
-0.091570243239402771
0.202841520309448242
0.042227104306221008
0.029768869280815125
0.066534817218780518
-1.257115483283996582
