484.000000000000000000
0.001000000047497451
0.001000000047497451
0.001000000047497451
0.001000000047497451
0.001000000047497451
0.001000000047497451
0.001000000047497451
0.001000000047497451
0.001000000047497451
0.001000000047497451
-1.366713285446166992
4.278862476348876953
-10.471169471740722656
-7.867466926574707031
-4.216608047485351562
12.204185485839843750
0.086934998631477356
-19.786390304565429690
19.703968048095703120
2.195453643798828125
24.155155181884765620
-15.529129028320312500
-0.543134629726409912
14.995554924011230470
-7.705836296081542969
39.947277069091796880
-22.607173919677734380
-1.598126530647277832
-1.909301280975341797
-0.661022365093231201
5.060245990753173828
-13.438673973083496090
-2.087239265441894531
5.083007335662841797
-1.825935959815979004
-4.503764629364013672
9.659727096557617188
9.514928817749023438
-8.942998886108398438
-5.558349132537841797
-12.665837287902832030
-14.569816589355468750
2.191725730895996094
2.466879367828369140
0.001000000047497451
0.001000000047497451
0.001000000047497451
0.001000000047497451
0.001000000047497451
0.001000000047497451
0.001000000047497451
0.001000000047497451
0.001000000047497451
0.001000000047497451
-4.647767066955566406
-4.170898914337158203
6.664071559906005860
6.334084033966064453
3.835109710693359375
18.318677902221679690
-16.419300079345703120
-3.070431232452392578
4.362779140472412110
-31.420463562011718750
-15.168384552001953120
10.095417022705078125
-1.872714042663574219
4.804038524627685547
5.465469837188720703
8.167730331420898438
6.555687904357910156
-10.138800621032714844
20.779415130615234380
5.815432548522949219
6.778781890869140625
-2.236158132553100586
-0.129154399037361145
7.859092712402343750
11.635939598083496090
2.373798847198486328
4.783493995666503906
-5.668928623199462890
3.969780921936035156
-0.652640640735626221
-1.700593709945678711
15.352568626403808590
8.021662712097167969
4.860455989837646484
0.001000000047497451
0.001000000047497451
0.001000000047497451
0.001000000047497451
0.001000000047497451
0.001000000047497451
0.001000000047497451
0.001000000047497451
0.001000000047497451
0.001000000047497451
-6.956031799316406250
-0.380623042583465576
11.968513488769531250
18.076734542846679690
12.975313186645507810
5.607690811157226562
3.583372354507446289
15.808047294616699220
18.743425369262695310
9.999734878540039062
9.538418769836425781
-11.817338943481445310
6.468193531036376953
11.035320281982421880
20.093271255493164060
-9.779209136962890625
-8.879448890686035156
-2.010023593902587891
-17.122985839843750000
-4.760084152221679688
-8.478515625000000000
0.723732471466064453
-2.489187955856323242
1.216598033905029297
1.721817612648010254
4.703577041625976562
12.831214904785156250
17.366252899169921880
13.324346542358398440
1.472168684005737305
-8.802138328552246094
1.004730582237243652
-1.688478708267211914
7.299923419952392578
0.001000000047497451
0.001000000047497451
0.001000000047497451
0.001000000047497451
0.001000000047497451
0.001000000047497451
0.001000000047497451
0.001000000047497451
0.001000000047497451
0.001000000047497451
-3.329413175582885742
10.475382804870605469
7.160096168518066406
1.454158306121826172
-0.444419205188751221
-17.684984207153320310
7.806821823120117188
-9.172746658325195312
-12.430790901184082030
5.499223709106445312
2.254089117050170898
14.886328697204589840
3.815152645111083984
3.035656929016113281
6.169870853424072266
-14.215156555175781250
-18.432600021362304690
-20.832450866699218750
-2.871263980865478516
8.518873214721679688
5.317483901977539062
-7.581328392028808594
6.853198528289794922
3.783504009246826172
4.193052291870117188
12.080861091613769530
-9.020033836364746094
4.080715179443359375
8.102355957031250000
9.886064529418945312
13.300882339477539060
-9.994980812072753906
2.002620935440063476
4.012099266052246094
0.001000000047497451
0.001000000047497451
0.001000000047497451
0.001000000047497451
0.001000000047497451
0.001000000047497451
0.001000000047497451
0.001000000047497451
0.001000000047497451
0.001000000047497451
-1.173100233078002930
-11.718212127685546880
1.325006604194641113
-7.966784477233886719
13.891874313354492190
17.876037597656250000
8.907066345214843750
9.575051307678222656
0.966792583465576172
7.808383941650390625
4.436612606048583984
13.254317283630371090
6.851197242736816406
-7.239248275756835938
-14.583996772766113280
14.512662887573242190
18.193973541259765620
-1.241032004356384277
-21.719930648803710940
-8.111207962036132812
19.127536773681640620
28.325145721435546880
-10.463093757629394531
-7.847504615783691406
4.263583660125732422
-21.501230239868164060
9.107228279113769531
-10.781250000000000000
-12.249356269836425780
-13.167618751525878910
-1.065240263938903809
-2.453921556472778320
5.675062179565429688
2.605464220046997070
0.001000000047497451
0.001000000047497451
0.001000000047497451
0.001000000047497451
0.001000000047497451
0.001000000047497451
0.001000000047497451
0.001000000047497451
0.001000000047497451
0.001000000047497451
3.770486354827880860
-1.329236984252929688
-4.234670162200927734
0.528610348701477051
-8.876469612121582031
-27.506771087646484380
3.126553058624267578
-0.458314865827560425
6.835309505462646484
-0.151792839169502258
-19.868968963623046880
2.964595794677734375
4.130100250244140625
7.490796089172363281
8.237462997436523438
-7.624477863311767578
-20.376005172729492190
0.075767219066619873
-12.895934104919433590
-17.341054916381835940
-18.315540313720703120
2.691914796829223633
-11.858729362487792970
-11.218740463256835940
4.522581577301025390
-8.423504829406738281
12.630094528198242190
-33.881790161132812500
-15.257804870605468750
-6.886245727539062500
-13.006628990173339840
-1.894849658012390137
-9.650500297546386719
-2.766874790191650390
0.001000000047497451
0.001000000047497451
0.001000000047497451
0.001000000047497451
0.001000000047497451
0.001000000047497451
0.001000000047497451
0.001000000047497451
0.001000000047497451
0.001000000047497451
-0.613309860229492188
-7.771207809448242188
-1.805256724357604980
-4.185965538024902344
-10.215087890625000000
-10.695222854614257810
-4.034679412841796875
11.881819725036621090
-31.491384506225585940
-17.498743057250976560
-14.176737785339355470
-30.106397628784179690
-9.253704071044921875
-1.042231082916259766
11.924620628356933590
2.749802589416503906
-11.804738998413085940
13.126116752624511720
17.526277542114257810
-5.969388484954833984
0.077304057776927948
-0.636886954307556152
21.839553833007812500
6.407119274139404297
7.613810539245605469
5.676413536071777344
11.931407928466796880
20.546920776367187500
1.138829946517944336
-8.454507827758789062
-1.829927086830139160
5.119160175323486328
-2.492362260818481445
1.418542861938476562
0.001000000047497451
0.001000000047497451
0.001000000047497451
0.001000000047497451
0.001000000047497451
0.001000000047497451
0.001000000047497451
0.001000000047497451
0.001000000047497451
0.001000000047497451
-0.613849520683288574
-4.354019641876220703
-2.858288288116455078
0.000873852055519819
1.648133039474487305
-0.128751173615455627
5.457771778106689453
0.953854203224182129
0.104993432760238647
0.238732099533081055
0.094444498419761658
-1.090507388114929199
-14.223509788513183590
-21.304628372192382810
-24.118862152099609380
-16.314470291137695310
1.879661560058593750
5.061415195465087890
3.316105365753173828
1.160857677459716797
0.545287787914276123
2.919842958450317383
4.596898555755615234
5.853896141052246094
4.397045612335205078
-3.266610622406005860
-1.155560374259948730
-4.309394836425781250
1.496880412101745606
3.822226762771606445
-0.451875925064086914
3.911407709121704102
-3.561730146408081055
1.346777677536010742
0.001000000047497451
0.001000000047497451
0.001000000047497451
0.001000000047497451
0.001000000047497451
0.001000000047497451
0.001000000047497451
0.001000000047497451
0.001000000047497451
0.001000000047497451
2.095646381378173828
-4.205101013183593750
-14.699278831481933590
-10.941647529602050780
-11.967328071594238280
-1.746473431587219238
-16.413845062255859380
-15.724403381347656250
-12.370091438293457030
-0.037296541035175323
1.851699471473693848
2.452929973602294922
-2.430442810058593750
-4.163966655731201172
-4.208396911621093750
3.568218469619750976
19.165369033813476560
0.121089927852153778
-2.921253204345703125
1.924928903579711914
-3.524323701858520508
-1.374202728271484375
-12.230415344238281250
-11.216565132141113280
-15.261872291564941410
-1.897893667221069336
-10.529094696044921875
5.729767322540283203
7.076571941375732422
1.063299179077148438
-0.366357415914535522
-4.735324859619140625
0.748834788799285889
-1.332459568977355957
0.001000000047497451
0.001000000047497451
0.001000000047497451
0.001000000047497451
0.001000000047497451
0.001000000047497451
0.001000000047497451
0.001000000047497451
0.001000000047497451
0.001000000047497451
-6.279798030853271484
6.690883636474609375
9.582496643066406250
-0.917965590953826904
3.677481174468994140
0.384729236364364624
15.217082023620605470
13.817585945129394530
6.677150249481201172
11.730985641479492190
-11.257936477661132810
6.728349685668945312
7.101616859436035156
4.082746505737304688
9.434584617614746094
3.705995798110961914
13.773365020751953120
23.142263412475585940
24.019720077514648440
5.701455593109130860
-1.767685174942016602
-7.644834995269775390
2.825214147567749024
-3.249900579452514648
-11.656791687011718750
7.416054725646972656
-22.893650054931640620
-17.717136383056640620
-9.586656570434570312
6.834754943847656250
15.033207893371582030
3.512795686721801758
0.500632524490356445
6.811621665954589844
0.001000000047497451
0.001000000047497451
0.001000000047497451
0.001000000047497451
0.001000000047497451
0.001000000047497451
0.001000000047497451
0.001000000047497451
0.001000000047497451
0.001000000047497451
0.001000000047497451
0.101140901446342468
-1.925003170967102051
-1.004331827163696289
-1.491795539855957031
-1.829547762870788574
-0.654671370983123779
-1.167272925376892090
-1.106484770774841309
0.141009673476219177
-0.304023563861846924
-0.391183257102966309
-0.465753465890884399
-0.989697635173797607
-1.328704953193664551
-0.429398059844970703
-0.064542375504970551
-0.128122761845588684
-1.513412833213806152
-0.894470155239105225
-0.924282670021057129
0.767141699790954590
-0.573222041130065918
-0.405119061470031738
0.040152855217456818
-0.867652952671051025
0.498981565237045288
-0.950099349021911621
-0.950167834758758545
-0.638757348060607910
-0.909478127956390381
-0.359761953353881836
-0.833423972129821777
-1.930199623107910156
