484.000000000000000000
0.001000000047497451
0.001000000047497451
0.001000000047497451
0.001000000047497451
0.001000000047497451
0.001000000047497451
0.001000000047497451
0.001000000047497451
0.001000000047497451
0.001000000047497451
-6.600093841552734375
6.176142692565917969
-15.974713325500488280
-12.597537040710449220
-7.878094196319580078
15.597043037414550780
-0.724450945854187012
-29.400884628295898440
24.857509613037109380
1.211222529411315918
32.014728546142578120
-19.281644821166992190
-1.488067984580993652
19.606044769287109380
-12.963157653808593750
54.955478668212890620
-29.519475936889648440
-2.855316638946533203
-1.201680421829223633
0.042572803795337677
7.873109340667724610
-18.241369247436523440
-3.434817314147949219
6.365037918090820312
-2.681529998779296875
-6.448018550872802734
12.168766975402832030
10.474236488342285156
-13.120202064514160160
-7.745086669921875000
-16.513381958007812500
-20.112503051757812500
2.913486003875732422
0.524359345436096191
0.001000000047497451
0.001000000047497451
0.001000000047497451
0.001000000047497451
0.001000000047497451
0.001000000047497451
0.001000000047497451
0.001000000047497451
0.001000000047497451
0.001000000047497451
-11.770409584045410160
-6.461853981018066406
6.783929824829101562
6.971038818359375000
3.787810564041137695
22.406312942504882810
-21.441366195678710940
-5.107015132904052734
4.177661418914794922
-38.621433258056640620
-17.476118087768554690
12.243685722351074220
-3.005987167358398438
5.351107597351074219
4.501285552978515625
9.204781532287597656
7.650092124938964844
-12.732126235961914060
24.724208831787109380
6.271703243255615234
8.577897071838378906
-1.930309295654296875
-0.334853798151016235
8.896402359008789062
14.236570358276367190
1.831292748451232910
7.102704524993896484
-6.522473335266113281
4.422224521636962890
-2.045435428619384766
-2.803056001663208008
18.405977249145507810
9.854820251464843750
4.270781517028808594
0.001000000047497451
0.001000000047497451
0.001000000047497451
0.001000000047497451
0.001000000047497451
0.001000000047497451
0.001000000047497451
0.001000000047497451
0.001000000047497451
0.001000000047497451
-13.047092437744140620
-0.685578823089599609
14.372512817382812500
22.854366302490234380
16.184101104736328120
7.186872959136962890
2.909820318222045898
19.300521850585937500
22.843854904174804690
12.513209342956542970
13.478586196899414060
-14.118338584899902340
8.287117004394531250
13.530175209045410160
23.791999816894531250
-13.499313354492187500
-11.951196670532226560
-5.442355155944824219
-24.424585342407226560
-7.051755905151367188
-10.847698211669921880
2.069731473922729492
-2.823612928390502930
1.257954955101013184
2.698206424713134766
4.001460075378417969
18.068250656127929690
23.735902786254882810
16.253597259521484380
0.145791888236999512
-11.930168151855468750
1.182153105735778809
-2.625501394271850586
9.288949966430664062
0.001000000047497451
0.001000000047497451
0.001000000047497451
0.001000000047497451
0.001000000047497451
0.001000000047497451
0.001000000047497451
0.001000000047497451
0.001000000047497451
0.001000000047497451
-2.130546808242797852
12.947820663452148440
8.552078247070312500
1.134469151496887207
-1.395723342895507812
-23.908548355102539060
10.623801231384277344
-12.204261779785156250
-17.324300765991210940
7.990767002105712890
2.927829027175903320
19.351587295532226560
4.170708179473876953
2.776511192321777344
6.575686931610107422
-19.261766433715820310
-23.957746505737304690
-26.317129135131835940
-4.098182201385498047
10.554806709289550781
6.386217117309570312
-9.713629722595214844
8.568618774414062500
4.345860958099365234
4.927814006805419922
15.025874137878417970
-12.178297042846679690
5.102305412292480469
10.198456764221191406
12.466759681701660160
17.182493209838867190
-13.576585769653320310
2.140038013458251953
6.190737247467041016
0.001000000047497451
0.001000000047497451
0.001000000047497451
0.001000000047497451
0.001000000047497451
0.001000000047497451
0.001000000047497451
0.001000000047497451
0.001000000047497451
0.001000000047497451
3.312960386276245117
-15.786532402038574220
3.933424949645996094
-10.260377883911132812
19.291627883911132810
25.310363769531250000
12.950963973999023440
13.480061531066894530
1.304622411727905274
9.860465049743652344
6.556331634521484375
17.070489883422851560
9.441440582275390625
-8.909782409667968750
-18.547698974609375000
21.156202316284179690
24.373922348022460940
-1.642056226730346680
-28.611381530761718750
-10.405520439147949219
27.039207458496093750
38.192283630371093750
-13.191036224365234380
-9.463033676147460938
6.699195384979248047
-28.055173873901367190
12.587946891784667970
-13.659080505371093750
-16.355157852172851560
-17.935436248779296880
-1.137821435928344727
-3.253374099731445312
8.194601058959960938
6.960660934448242188
0.001000000047497451
0.001000000047497451
0.001000000047497451
0.001000000047497451
0.001000000047497451
0.001000000047497451
0.001000000047497451
0.001000000047497451
0.001000000047497451
0.001000000047497451
13.045804977416992190
-0.905304133892059326
-3.386802196502685547
2.373678445816040039
-8.296610832214355469
-31.111249923706054690
5.102675914764404297
0.454246371984481812
9.871458053588867188
0.435627073049545288
-23.680351257324218750
3.906961441040039062
5.935645580291748047
10.259149551391601562
11.280447006225585940
-8.838479995727539062
-25.631315231323242190
-0.410560965538024902
-13.997490882873535160
-20.606859207153320310
-20.789531707763671880
2.558731555938720703
-12.685450553894042970
-12.364068984985351560
6.050249099731445312
-9.240367889404296875
15.016060829162597660
-39.189491271972656250
-18.323879241943359380
-7.323740482330322266
-14.223071098327636720
-1.788595080375671387
-11.376498222351074220
2.824076652526855469
0.001000000047497451
0.001000000047497451
0.001000000047497451
0.001000000047497451
0.001000000047497451
0.001000000047497451
0.001000000047497451
0.001000000047497451
0.001000000047497451
0.001000000047497451
4.623762607574462890
-10.907789230346679690
-2.968240261077880860
-4.882203578948974610
-12.224736213684082030
-14.206494331359863280
-5.176754951477050781
18.727493286132812500
-42.664608001708984380
-23.562171936035156250
-20.518146514892578120
-40.543399810791015620
-11.046406745910644530
0.387682497501373291
19.910045623779296880
3.472433805465698242
-16.900178909301757810
16.646715164184570310
23.638875961303710940
-8.159225463867187500
-0.074892081320285797
-0.968322515487670898
29.774686813354492190
8.398304939270019531
10.495405197143554688
8.575994491577148438
17.011676788330078120
27.940601348876953120
1.242888331413269043
-11.376981735229492190
-2.177040815353393555
7.244275093078613281
-3.613412141799926758
5.265646934509277344
0.001000000047497451
0.001000000047497451
0.001000000047497451
0.001000000047497451
0.001000000047497451
0.001000000047497451
0.001000000047497451
0.001000000047497451
0.001000000047497451
0.001000000047497451
3.881712675094604492
-5.335490226745605469
-3.106209278106689453
-0.033191375434398651
1.956943631172180176
-0.053132444620132446
6.668316364288330078
0.791390836238861084
0.393840789794921875
0.238058298826217651
-0.014388080686330795
-1.149039268493652344
-17.326202392578125000
-26.096305847167968750
-29.512275695800781250
-19.531948089599609380
2.890520811080932617
5.933305740356445312
3.867925405502319336
1.376254439353942871
0.624785780906677246
3.522741317749023438
5.417934417724609375
7.143532276153564453
5.367082118988037110
-4.140133380889892578
-1.649271488189697266
-5.344755172729492188
1.746804356575012207
4.719967365264892578
-0.607918262481689453
4.875074386596679688
-4.573352813720703125
4.421491622924804688
0.001000000047497451
0.001000000047497451
0.001000000047497451
0.001000000047497451
0.001000000047497451
0.001000000047497451
0.001000000047497451
0.001000000047497451
0.001000000047497451
0.001000000047497451
-0.547037243843078613
-5.057785034179687500
-18.665899276733398440
-14.345043182373046880
-14.904707908630371090
-1.201771259307861328
-21.217342376708984380
-19.808326721191406250
-15.973443984985351560
-0.110893622040748596
3.236338138580322266
3.023995637893676758
-3.529147386550903320
-5.973315715789794922
-5.926691532135009766
5.240053653717041016
25.672163009643554690
-0.447643876075744629
-3.383983850479125976
3.813780784606933594
-3.632890224456787110
-1.980546832084655762
-15.092555046081542970
-13.660675048828125000
-19.654037475585937500
-2.009060859680175781
-13.843001365661621090
9.085136413574218750
10.310242652893066406
1.678125977516174316
-0.202506393194198608
-6.152557849884033203
1.293859958648681641
-3.785105705261230469
0.001000000047497451
0.001000000047497451
0.001000000047497451
0.001000000047497451
0.001000000047497451
0.001000000047497451
0.001000000047497451
0.001000000047497451
0.001000000047497451
0.001000000047497451
-9.047565460205078125
8.590074539184570312
9.703172683715820312
-3.889130830764770508
3.122186660766601562
-1.684051990509033203
19.827453613281250000
16.297641754150390620
6.906367778778076172
15.298831939697265620
-15.667909622192382810
8.349687576293945312
8.102253913879394531
2.804854869842529297
9.991779327392578125
5.326600074768066406
19.547863006591796880
31.670547485351562500
30.676767349243164060
7.276587963104248047
-2.119389057159423828
-8.888044357299804688
2.641095638275146484
-5.231348514556884766
-15.948990821838378910
8.974308967590332031
-30.828979492187500000
-25.963855743408203120
-13.207061767578125000
9.673692703247070312
19.723344802856445310
3.840452909469604492
0.239293128252029419
8.902805328369140625
0.001000000047497451
0.001000000047497451
0.001000000047497451
0.001000000047497451
0.001000000047497451
0.001000000047497451
0.001000000047497451
0.001000000047497451
0.001000000047497451
0.001000000047497451
0.001000000047497451
-2.213048219680786133
-3.168165922164916992
-1.847849607467651367
-2.001591682434082031
-9.516395568847656250
3.859073877334594726
2.471567153930664062
-7.867653846740722656
1.208373427391052246
-8.112095832824707031
-1.437710642814636230
-0.584594070911407471
-4.026087760925292969
-0.171683833003044128
-1.632548213005065918
-2.588312387466430664
0.274275839328765869
-5.519196033477783203
-6.091434955596923828
-1.297445058822631836
6.380506038665771484
-0.483750075101852417
-1.806250929832458496
4.234343051910400390
-4.166016101837158203
5.033139228820800781
-5.075199604034423828
-4.046369075775146484
-2.226925611495971680
-1.673166751861572266
-0.301260739564895630
-4.020506381988525390
-3.084527969360351562
