2160.000000000000000000
0.001000000047497451
0.001000000047497451
0.001000000047497451
0.001000000047497451
0.001000000047497451
0.001000000047497451
0.001000000047497451
0.001000000047497451
0.001000000047497451
0.001000000047497451
-0.131292656064033508
-0.131292656064033508
-0.131292656064033508
-0.131292656064033508
-0.131292656064033508
-0.988361001014709473
1.715395450592041016
-1.505288243293762207
1.446508884429931641
-1.507863640785217285
1.473577737808227539
-1.758087754249572754
1.171755194664001465
-1.081071138381958008
0.696411848068237305
1.296907901763916016
-0.889419674873352051
1.390046715736389160
-1.611653327941894531
1.056859254837036133
-1.041939377784729004
1.285100817680358887
-1.600313782691955566
0.458237349987030029
0.054248511791229248
-1.181429028511047363
0.841069936752319336
-1.939253449440002441
0.934578716754913330
-1.366075992584228516
0.160678014159202576
-1.036848902702331543
-0.338397175073623657
1.664670228958129883
-0.767815053462982178
1.685451149940490723
-0.344391852617263794
0.760275661945343018
-0.460155785083770752
0.715512931346893311
-0.780939400196075439
0.097627207636833191
0.645316720008850098
-0.378463029861450195
2.500805854797363281
-1.890617489814758301
2.434643268585205078
-2.713176965713500976
1.221599698066711426
-0.828555881977081299
1.198387384414672852
-0.484590739011764526
0.342827618122100830
0.876243770122528076
-0.340093016624450684
2.672849416732788086
-2.752197027206420898
3.124334573745727539
-3.571357488632202148
0.111374460160732269
-0.839396774768829346
0.032637815922498703
0.540327787399291992
-0.252818137407302856
3.050727367401123047
-1.652302861213684082
0.970102906227111816
-1.973878264427185059
-0.129563808441162109
-0.912199020385742188
0.251254409551620483
-1.020964384078979492
0.373985528945922852
0.188267886638641357
-1.371328949928283691
1.743970990180969238
-2.497555017471313476
1.016150355339050293
-1.485553383827209473
0.751837015151977539
-0.864472746849060059
0.389731913805007935
-0.179052412509918213
-0.550704121589660645
0.643789708614349365
-0.167679011821746826
1.377385973930358887
-1.389867901802062988
-0.273836165666580200
-0.502396523952484131
0.674733340740203857
-0.876456975936889648
1.302788376808166504
-0.878552734851837158
1.305393934249877930
-1.150963306427001953
1.022813677787780762
0.174739345908164978
-0.524568974971771240
-0.226457014679908752
-0.308270514011383057
0.364027321338653564
-1.077041745185852051
1.089411616325378418
-0.968131422996520996
0.768203377723693848
0.009140363894402981
0.093478858470916748
-0.181065261363983154
-0.577929794788360596
0.657883048057556152
-1.195988655090332031
1.179430007934570312
-0.296430796384811401
0.395177811384201050
-1.279878973960876465
0.398426473140716553
-0.386659532785415649
0.737146914005279541
0.057888384908437729
-0.477532505989074707
0.767344236373901367
-1.535541772842407226
0.614894568920135498
-0.566624999046325684
0.211881667375564575
-0.776024281978607178
0.356480509042739868
-1.108992695808410644
0.676920711994171143
0.285245567560195923
-0.334592550992965698
-0.021711865440011024
0.816233992576599121
0.001000000047497451
0.001000000047497451
0.001000000047497451
0.001000000047497451
0.001000000047497451
0.001000000047497451
0.001000000047497451
0.001000000047497451
0.001000000047497451
0.001000000047497451
-1.247470974922180176
-1.247470974922180176
-1.247470974922180176
-1.247470974922180176
-1.247470974922180176
-0.898427307605743408
0.755203008651733398
-0.536763548851013184
0.539519846439361572
0.807332158088684082
0.689437389373779297
1.389899849891662598
-0.976977050304412842
3.151009321212768555
-2.720804691314697266
1.507133722305297852
-0.805757105350494385
0.643591105937957764
-0.219873636960983276
0.130875378847122192
0.070012986660003662
-0.635214269161224365
2.617260217666625976
-2.551764488220214844
3.740317106246948242
-2.660890102386474610
1.207649469375610352
-0.246480673551559448
0.790953278541564941
0.751510679721832275
0.197665855288505554
1.412950158119201660
-1.425227284431457520
2.495171785354614258
-1.177728414535522461
0.147519096732139587
-0.291574269533157349
-0.774185776710510254
-1.723303079605102539
-0.511163532733917236
-1.601352095603942871
0.182599231600761414
-1.572644114494323730
0.312104165554046631
-1.129741668701171875
0.205928564071655273
0.301827430725097656
-0.522384941577911377
0.617400228977203369
-0.132513150572776794
0.471061110496520996
-0.393415123224258423
0.487917423248291016
-0.411106705665588379
0.990426898002624512
0.604676008224487305
0.205300346016883850
0.145883366465568542
0.922849953174591064
0.467411428689956665
0.145744010806083679
0.953732132911682129
-0.219293728470802307
1.183194279670715332
-0.098595678806304932
1.054616808891296387
0.719431102275848389
-1.177585601806640625
0.059110749512910843
-1.747729539871215820
-0.112985774874687195
-0.493607431650161743
0.543792665004730225
-0.284588605165481567
1.018990278244018555
1.586275339126586914
0.196042746305465698
0.208563089370727539
0.284984767436981201
-1.201680541038513184
1.052985668182373047
-0.732726275920867920
1.530399322509765625
-0.489604115486145020
1.319714188575744629
-0.439477324485778809
2.123143196105957031
-0.188857778906822205
-1.009190559387207031
1.290605187416076660
-1.821813583374023438
1.676316857337951660
-0.491470158100128174
0.900447189807891846
-0.393775105476379395
1.463137626647949219
-0.471774905920028687
1.529900550842285156
-0.261046022176742554
-0.277555435895919800
1.476194858551025391
-0.926562011241912842
0.805943489074707031
-0.335206478834152222
1.352665066719055176
-0.265255212783813477
1.173373699188232422
-1.287868261337280274
1.485661387443542480
-0.698496103286743164
0.123242586851119995
-0.537928104400634766
-0.014934229664504528
-0.252804160118103027
-0.003847417887300253
-0.456431210041046143
-0.173111811280250549
-0.135636180639266968
-0.439130127429962158
0.450200110673904419
-0.713996529579162598
-0.218622028827667236
-0.308015555143356323
0.836314201354980469
-1.179636240005493164
1.011370182037353516
-0.071651466190814972
0.287324577569961548
0.787398219108581543
-0.226462915539741516
0.520909428596496582
0.332772105932235718
-0.119173005223274231
1.770828962326049805
0.001000000047497451
0.001000000047497451
0.001000000047497451
0.001000000047497451
0.001000000047497451
0.001000000047497451
0.001000000047497451
0.001000000047497451
0.001000000047497451
0.001000000047497451
-2.419037580490112305
-2.419037580490112305
-2.419037580490112305
-2.419037580490112305
-2.419037580490112305
-1.667858958244323730
0.958097100257873535
1.437430262565612793
-0.271784633398056030
1.784223437309265137
-0.570829689502716064
1.353580236434936524
-0.320489257574081421
1.533535122871398926
-0.623779892921447754
-0.317873805761337280
1.836647868156433106
-0.453045248985290527
1.821138381958007812
-0.287707775831222534
1.938058018684387207
-0.097909592092037201
1.609889864921569824
0.156483530998229980
0.507010698318481445
1.021480798721313477
0.053735230118036270
0.853762865066528320
0.115592971444129944
1.134390830993652344
0.128585293889045715
2.376523256301879883
0.257487028837203980
1.529996395111083984
0.430029958486557007
0.149605169892311096
1.337877392768859863
-0.449006915092468262
1.585738778114318848
-0.816436529159545898
1.737569928169250488
-0.364672601222991943
1.429998517036437988
-0.689884543418884277
0.482478916645050049
0.041785448789596558
-0.533794581890106201
1.344563961029052734
-1.227446556091308594
1.750979661941528320
-1.160582661628723144
2.402241706848144531
-1.564371943473815918
1.573077440261840820
-0.840361177921295166
2.199939489364624024
-0.990392208099365234
2.019856691360473633
-1.119139075279235840
-0.174421831965446472
2.576075792312622070
-2.121758937835693359
1.800936818122863770
-1.684452056884765625
0.409224897623062134
-0.721962153911590576
0.542484283447265625
0.384476989507675171
-0.257578343152999878
0.497779548168182373
-1.041167616844177246
0.662330687046051025
-1.026494979858398438
-0.070558995008468628
-1.094118595123291016
0.606913805007934570
-1.502645969390869141
0.425754517316818237
-1.513970136642456055
0.758796095848083496
-0.009898890741169453
-0.901338517665863037
0.878235638141632080
-0.540797233581542969
-0.107090443372726440
-0.487644106149673462
0.306202441453933716
-0.422984033823013306
0.469279378652572632
-0.335315346717834473
-0.393532902002334595
0.005068420898169279
-0.488565176725387573
0.293630450963973999
-0.624074935913085938
-0.590285480022430420
0.924954175949096680
-1.657269477844238281
1.495781064033508301
-0.887156009674072266
0.743581235408782959
0.225338652729988098
0.097876951098442078
0.493908882141113281
-0.400248467922210693
1.127193331718444824
-0.796736359596252441
1.220297217369079590
-1.256533026695251465
1.510575532913208008
-0.315930932760238647
0.022039556875824928
0.515842914581298828
-0.224769473075866699
0.949688851833343506
-0.399718016386032104
1.155247330665588379
-0.981612801551818848
1.325525403022766113
-0.212716832756996155
0.182144746184349060
0.399622976779937744
-0.504360318183898926
0.568115711212158203
-1.505816578865051270
-0.010692693293094635
-1.024805188179016113
0.564888417720794678
0.101370058953762054
-0.743854403495788574
-0.177469000220298767
-0.643097698688507080
0.666884541511535644
3.004357099533081055
0.001000000047497451
0.001000000047497451
0.001000000047497451
0.001000000047497451
0.001000000047497451
0.001000000047497451
0.001000000047497451
0.001000000047497451
0.001000000047497451
0.001000000047497451
-0.847590923309326172
-0.847590923309326172
-0.847590923309326172
-0.847590923309326172
-0.847590923309326172
-2.327594757080078125
2.794314146041870117
0.288385897874832153
2.104084968566894531
0.228865414857864380
0.797418355941772461
0.579182505607604980
0.087176680564880371
-1.622665166854858398
2.253237724304199219
-0.777304291725158691
0.742623567581176758
-0.634168922901153564
0.233475923538208008
0.188818171620368958
-0.195381224155426025
-0.459675610065460205
-0.721207976341247559
-0.361129254102706909
-3.110151290893554688
1.557214856147766113
-0.551925361156463623
-0.340879261493682861
-0.650995194911956787
-0.641558587551116943
-1.110670566558837891
-2.132176637649536133
0.854921281337738037
-2.367070436477661133
0.946042358875274658
-0.681694090366363525
-0.469093799591064453
0.504757165908813477
-0.470138341188430786
0.577426314353942871
-0.270929753780364990
0.516472399234771728
-0.825290083885192871
0.732358515262603760
-0.442501962184906006
-0.133942067623138428
0.865832388401031494
0.176023557782173157
1.532248854637145996
-0.252278596162796020
1.120652794837951660
0.308418512344360352
0.704997599124908447
0.203401640057563782
1.035791039466857910
2.155518531799316406
-0.587418138980865478
1.246353864669799805
1.053163647651672363
0.939775466918945312
1.156861901283264160
1.275992631912231445
-0.234171196818351746
-0.569450378417968750
-1.701088070869445801
-1.771733283996582031
-0.885815262794494629
-3.202145338058471680
0.348373740911483765
-3.713560342788696289
1.354431152343750000
-3.894846439361572266
1.463261961936950684
-2.091680049896240234
1.672847509384155274
-2.391306161880493164
1.437749624252319336
-0.983496904373168945
2.117759943008422852
0.040218167006969452
0.259622305631637573
0.052830509841442108
-0.284511595964431763
-1.058188676834106445
1.557113885879516602
-1.803307175636291504
-2.371531009674072266
1.480126857757568359
-0.375368475914001465
0.495013594627380371
0.277893036603927612
0.527631342411041260
-0.152400046586990356
0.905805170536041260
-0.860296308994293213
1.348524808883666992
-1.417343020439147949
0.283731222152709961
0.324052631855010986
-0.508703470230102539
0.235796630382537842
0.692000627517700195
0.494984954595565796
-0.680225729942321777
2.240580081939697266
-1.162814021110534668
0.389097332954406738
0.359366804361343384
-1.083668589591979980
0.800098359584808350
-0.179475396871566772
0.837987661361694336
0.639565050601959228
1.471345782279968262
-0.385017424821853638
1.604646325111389160
-0.671858191490173340
1.147814989089965820
0.011316135525703430
0.709983468055725098
-0.030274221673607826
0.650990009307861328
0.218809977173805237
-0.786446869373321533
2.410722017288208008
-1.870090246200561524
0.826196312904357910
-0.518750369548797607
-0.837191045284271240
0.448037862777709961
-0.074620291590690613
0.808446764945983887
-0.085955359041690826
1.323569893836975098
0.001000000047497451
0.001000000047497451
0.001000000047497451
0.001000000047497451
0.001000000047497451
0.001000000047497451
0.001000000047497451
0.001000000047497451
0.001000000047497451
0.001000000047497451
-0.366035372018814087
-0.366035372018814087
-0.366035372018814087
-0.366035372018814087
-0.366035372018814087
-1.507073760032653809
1.397483825683593750
-0.714691817760467529
0.170022517442703247
0.797530829906463623
-0.485516697168350220
0.514627158641815186
0.220930859446525574
-0.636220216751098633
1.323229074478149414
-1.047794818878173828
-0.070992827415466309
0.887961030006408691
0.073494948446750641
0.947833120822906494
0.939037322998046875
1.297365784645080566
0.673954069614410400
1.547924518585205078
0.063722632825374603
0.817714214324951172
-0.586235404014587402
1.032306432723999023
0.383041739463806152
-0.191686511039733887
1.075851798057556152
0.406872093677520752
1.449380397796630859
-0.784903526306152344
1.852646589279174805
-1.782152175903320312
1.847119212150573730
-0.383379459381103516
0.792065441608428955
1.032658100128173828
-0.320384532213211060
1.296351194381713867
-0.819551646709442139
1.766553759574890137
-1.825216650962829590
2.048789739608764648
-1.676699161529541016
2.435998678207397461
-0.738459169864654541
1.016096115112304688
-0.230437844991683960
0.116531610488891602
0.333154976367950439
-1.265968203544616699
1.394487500190734863
-1.623671412467956543
0.717796325683593750
-1.081391453742980957
0.089578188955783844
1.366915941238403320
-1.661671519279479980
1.174476385116577148
-0.482966810464859009
1.461403846740722656
-0.882371664047241211
1.154397606849670410
1.310714960098266602
-0.932532906532287598
1.215132832527160644
-1.529171705245971680
1.213149547576904297
-1.764209985733032226
1.429849624633789062
-1.492065787315368652
0.428359121084213257
-1.699938058853149414
0.532766938209533691
0.490431070327758789
-0.826622962951660156
2.289846420288085938
-2.100654125213623047
1.849699378013610840
-1.217400908470153809
0.661711752414703369
0.693687379360198975
-0.317537993192672730
1.856904149055480957
-2.426698684692382812
3.969726800918579102
-2.568084001541137695
1.371586322784423828
-1.309875726699829102
1.830074548721313476
-0.641912341117858887
0.232185140252113342
0.683861613273620606
-0.837748408317565918
0.943941652774810791
-0.728498697280883789
1.438162088394165039
-1.319249749183654785
-0.215808853507041931
-1.477316021919250488
0.565303683280944824
-1.527383446693420410
0.321432441473007202
0.629866659641265869
0.053049061447381973
-0.180958166718482971
-0.496925234794616699
-0.242350205779075623
-0.480778753757476807
0.410771906375885010
-2.891174077987670898
1.690105438232421875
-1.610306978225708008
1.164186835289001465
-2.235335588455200195
0.978933393955230713
-0.347613990306854248
0.190276771783828735
0.736858010292053223
-0.542639970779418945
1.526425480842590332
-1.520427107810974121
1.786926031112670898
-1.226356983184814453
0.357826888561248779
-0.473717033863067627
0.335655748844146728
0.604797422885894775
-1.326722860336303711
0.981770992279052734
0.512810885906219482
0.001000000047497451
0.001000000047497451
0.001000000047497451
0.001000000047497451
0.001000000047497451
0.001000000047497451
0.001000000047497451
0.001000000047497451
0.001000000047497451
0.001000000047497451
-0.904819965362548828
-0.904819965362548828
-0.904819965362548828
-0.904819965362548828
-0.904819965362548828
-0.018336126580834389
-0.035565841943025589
-1.072309017181396484
-0.360748767852783203
-2.052759647369384766
-0.160002142190933228
-1.595560312271118164
0.123348735272884369
-1.011854767799377441
-0.345951527357101440
-0.361551344394683838
-0.800868213176727295
-1.314849734306335449
-1.558915257453918457
-0.839438021183013916
-1.684226870536804199
-2.047665119171142578
-0.574510753154754639
-1.531242966651916504
-2.201795101165771484
0.653858900070190430
-1.161489367485046387
-0.159729272127151489
-2.266486167907714844
1.084579110145568848
-3.000199079513549805
-0.517360866069793701
-2.837380170822143555
0.260944694280624390
-2.332131862640380860
-2.411103725433349610
0.969292342662811279
-2.044113636016845703
0.502444803714752197
-2.369433879852294922
2.184789419174194336
-1.855892896652221680
1.138519406318664551
0.262524753808975220
-1.744684696197509766
1.637572765350341797
-0.118393182754516602
-0.512264370918273926
-1.009919166564941406
0.350793600082397461
-1.560471773147583008
1.019489169120788574
-0.755346119403839111
-0.639756739139556885
0.443277478218078613
-1.083815217018127441
0.847657322883605957
-0.661360383033752441
0.642859280109405518
-2.274209022521972656
0.941533744335174561
-0.528227925300598145
-0.287496000528335571
-0.994972229003906250
-0.056311987340450287
-0.062952168285846710
-2.457360744476318360
1.401020169258117676
-2.267161130905151367
1.487651944160461426
-1.649870991706848144
0.424428403377532959
-0.551993072032928467
0.405631721019744873
-1.485531687736511230
1.004586100578308106
-3.376818656921386719
2.311118841171264648
-3.339093208312988281
-0.770911872386932373
-1.864806652069091797
-0.158867493271827698
-2.320396184921264648
0.147864669561386108
-2.476961851119995117
0.460227191448211670
0.859373450279235840
-2.386470317840576172
1.149895191192626953
-1.357550740242004394
-0.955515027046203613
0.086676403880119324
-0.323716700077056885
-2.018555641174316406
1.173380494117736816
-2.149030208587646484
0.097348950803279877
1.098569989204406738
-2.638155221939086914
1.386646032333374024
-0.507821321487426758
-1.311715602874755859
0.882216513156890869
-1.452871084213256836
-0.885559320449829102
-0.541849851608276367
-0.419454693794250488
-2.253105878829956055
4.686055660247802734
-3.620665788650512695
2.207066059112548828
-1.556952238082885742
-1.412765502929687500
-0.175916090607643127
-0.636273205280303955
-1.607933521270751953
-0.427640110254287720
0.302122026681900024
-1.272039890289306641
0.061362084001302719
-1.367029786109924316
-1.750443220138549805
0.523757755756378174
-1.136768221855163574
-0.492525130510330200
-0.283508062362670898
-0.127394318580627441
-0.314688026905059814
-0.560819327831268311
-0.558440506458282471
-0.193876430392265320
0.073463194072246552
-0.864954292774200439
1.188601613044738770
0.001000000047497451
0.001000000047497451
0.001000000047497451
0.001000000047497451
0.001000000047497451
0.001000000047497451
0.001000000047497451
0.001000000047497451
0.001000000047497451
0.001000000047497451
-0.399921119213104248
-0.399921119213104248
-0.399921119213104248
-0.399921119213104248
-0.399921119213104248
0.621707379817962646
-1.700306653976440430
-1.294629693031311035
-0.320884704589843750
-0.929810762405395508
-0.619571805000305176
0.619037270545959473
-0.899162232875823975
0.379793286323547363
-0.642105817794799805
-0.965161979198455811
-1.459940433502197266
-0.885787844657897949
-0.709550499916076660
-0.358711004257202148
-1.835475325584411621
-0.901980638504028320
0.205948784947395325
-0.648559212684631348
-0.610936760902404785
0.350387126207351685
-1.295447945594787598
1.253504157066345215
-1.265390634536743164
0.491506397724151611
-0.632467269897460938
-0.364114552736282349
-0.306993901729583740
-3.108954429626464844
-0.133099883794784546
-1.333815455436706543
-2.276938676834106445
-1.351291656494140625
-0.857185781002044678
-1.558181881904602051
-0.471991509199142456
-0.900755643844604492
-1.502540469169616699
-2.081592082977294922
0.798771500587463379
-2.551946163177490234
1.160202383995056152
-1.045833706855773926
-1.228199005126953125
-0.037941135466098785
-1.508752942085266113
-0.617867946624755859
-0.851335525512695312
-0.268023312091827393
-1.432179808616638184
-0.138798922300338745
0.440392494201660156
-3.626234054565429688
4.064096927642822266
-0.646372973918914795
-0.238369062542915344
0.691620886325836182
-0.638942599296569824
-0.537748575210571289
-0.272951155900955200
-1.237265706062316894
3.186045169830322266
-1.200585842132568359
0.219802215695381165
1.530252337455749512
-0.031784400343894958
1.367134809494018555
-0.293838858604431152
-0.055323112756013870
2.341401576995849610
-2.180417060852050781
3.816710233688354492
-2.223090887069702148
3.384944677352905274
-1.727094173431396484
0.451839923858642578
0.560113728046417236
-0.953563332557678223
1.403534054756164551
-1.262245059013366699
1.390356421470642090
-3.483223199844360352
3.711749792098999024
-2.409562826156616211
2.523098230361938476
-1.416643142700195312
0.680979788303375244
-0.527712345123291016
-0.588807940483093262
0.240101158618927002
0.012816099449992180
0.644508242607116699
-1.490379095077514648
2.267252206802368164
-1.491019606590270996
1.759116172790527344
0.396915495395660400
-0.145622640848159790
0.625413119792938232
-0.713127851486206055
1.343610525131225586
-1.545084834098815918
1.073296070098876953
-0.473485499620437622
1.064948797225952148
0.158193901181221008
0.093309901654720306
0.819953322410583496
-2.115024089813232422
1.898850679397583008
-0.643065392971038818
1.324490189552307129
-1.149495005607604980
0.533467411994934082
-0.663300633430480957
-0.194792151451110840
-0.116225458681583405
-0.002627289155498147
0.368225723505020142
-1.153612732887268066
0.566080331802368164
-0.092026449739933014
-0.438575893640518188
0.527688920497894287
-0.522512197494506836
0.133070677518844604
-0.718737363815307617
0.369477182626724243
0.329111814498901367
0.001000000047497451
0.001000000047497451
0.001000000047497451
0.001000000047497451
0.001000000047497451
0.001000000047497451
0.001000000047497451
0.001000000047497451
0.001000000047497451
0.001000000047497451
-0.373796582221984863
-0.373796582221984863
-0.373796582221984863
-0.373796582221984863
-0.373796582221984863
0.681836664676666260
-1.558837532997131348
-0.336681634187698364
-1.469504714012145996
-0.714967250823974609
-0.969871699810028076
-1.223578333854675293
-0.052473668009042740
-0.478117614984512329
-0.415566623210906982
0.411475270986557007
0.168442562222480774
0.229740127921104431
0.261651217937469482
0.188152968883514404
0.075271777808666229
0.963147521018981934
-1.050973415374755859
1.599610209465026856
-0.319233626127243042
0.743420004844665527
-0.476003944873809814
-0.006615336984395981
0.615187585353851318
-0.697478055953979492
1.494680762290954590
-0.275071054697036743
0.944364726543426514
-0.615547597408294678
0.881121993064880371
0.233102977275848389
-0.403549313545227051
1.305451393127441406
-1.581652402877807617
1.219084858894348144
-1.210077643394470215
0.980623960494995117
-0.564308524131774902
0.138196319341659546
-0.401876419782638550
0.212098628282546997
-0.563010632991790772
-1.698807358741760254
0.342175334692001343
-2.533586502075195312
0.463516622781753540
-2.818466424942016602
0.360488593578338623
-2.366856813430786133
-0.318197488784790039
-3.559829235076904297
0.209651991724967957
-0.249896660447120666
-3.449648380279541016
-0.287685245275497437
-3.223886013031005860
-0.776557624340057373
-2.585352420806884766
0.275018811225891113
-1.569098830223083496
0.655836641788482666
-1.681882977485656738
1.410632610321044922
0.240565553307533264
1.449159622192382812
-0.571857690811157227
2.365444183349609375
-1.019761443138122559
1.205121874809265137
-1.152507185935974121
0.601942598819732666
-0.097677238285541534
-0.749661803245544434
0.099052518606185913
-0.569915413856506348
0.462569028139114380
-0.400547891855239868
0.665013909339904785
0.689362168312072754
-1.378863573074340820
1.805539846420288086
-0.291602969169616699
0.787368297576904297
-1.070526599884033203
1.445221781730651856
-1.281113624572753906
1.070705413818359375
-0.452537983655929565
0.377804160118103027
0.147844612598419189
-0.389287918806076050
0.994943559169769287
-0.656931519508361816
0.506355881690979004
-1.159439086914062500
1.519238471984863281
-1.459992170333862305
0.817905664443969727
-0.178636342287063599
-0.953768193721771240
0.204428821802139282
0.392280638217926025
-0.295757800340652466
0.220784753561019897
-0.159387141466140747
-0.501592934131622314
0.152522325515747070
-1.101699471473693848
0.045551311224699020
-0.282556265592575073
-0.284332960844039917
0.141683906316757202
0.336452096700668335
-0.194030329585075378
-0.197294712066650391
0.323077529668807983
-0.234391540288925171
-0.325484275817871094
0.901437938213348389
-1.697901129722595215
1.194947242736816406
-0.830380797386169434
0.550777554512023926
0.155243158340454102
-0.357847332954406738
-0.013937531970441341
-1.296883940696716309
0.319181144237518311
0.977049767971038818
0.001000000047497451
0.001000000047497451
0.001000000047497451
0.001000000047497451
0.001000000047497451
0.001000000047497451
0.001000000047497451
0.001000000047497451
0.001000000047497451
0.001000000047497451
0.061774220317602158
0.061774220317602158
0.061774220317602158
0.061774220317602158
0.061774220317602158
1.092300176620483398
-1.451913475990295410
0.438025146722793579
-1.000068426132202148
-0.653409779071807861
-0.498845547437667847
-0.805432140827178955
-0.649479866027832031
-0.191977426409721375
-1.189535856246948242
0.144102275371551514
-0.863100171089172363
-0.604004561901092529
-0.589257955551147461
-1.122238636016845703
-0.829761028289794922
-0.932537794113159180
-0.200662374496459961
-1.582407236099243164
0.935679733753204346
-2.409180402755737305
1.775416970252990723
-2.182836532592773438
0.218860507011413574
-1.390071988105773926
0.055632166564464569
-1.064358830451965332
-0.534321665763854980
-0.310319334268569946
-1.604695796966552734
1.734588742256164551
-2.415814399719238281
0.952790200710296631
-0.169478073716163635
-0.031407169997692108
-0.163061454892158508
-0.402209013700485230
0.786823511123657227
-0.911096692085266113
0.888174057006835938
-0.486294955015182495
-0.656477868556976318
0.190812453627586365
0.530700027942657471
-0.965898334980010986
0.691244840621948242
-0.879645407199859619
0.623336017131805420
-0.641493439674377441
0.610195636749267578
-0.818901181221008301
0.487780958414077759
-0.109220162034034729
-0.071384184062480927
0.664794385433197022
-1.052468419075012207
0.794250607490539551
-0.768130421638488770
0.747503280639648438
-0.658247470855712891
0.847435951232910156
-0.534882307052612305
1.242458224296569824
0.687328457832336426
0.338394194841384888
0.897102892398834228
-0.696312427520751953
0.836112201213836670
-0.544206559658050537
0.392639547586441040
-0.580235898494720459
-0.238675147294998169
0.589583098888397217
-1.174166202545166016
1.024486303329467773
-1.142707347869873047
0.577617108821868896
-2.069689512252807617
0.737110972404479980
-1.260116457939147949
-0.118405841290950775
-0.741279363632202148
-0.650832056999206543
0.855396330356597900
-2.108285427093505859
2.326709032058715820
-2.759945154190063476
0.154751852154731750
-1.355995059013366699
0.275722950696945190
-1.741322636604309082
0.322052121162414551
-1.203743338584899902
-0.554562091827392578
0.611995160579681396
-1.979483962059020996
0.462964773178100586
-0.598425209522247314
-0.479317307472229004
-0.250125408172607422
-0.314800560474395752
-1.190587520599365234
0.430467128753662109
-0.884000003337860107
1.069208621978759766
-0.502632141113281250
0.759943425655364990
-0.669000983238220215
1.043962359428405762
-0.740209937095642090
0.968152284622192383
-0.434047788381576538
0.141880840063095093
-0.394877344369888306
-0.379528790712356567
0.221979677677154541
-0.379382967948913574
0.339698821306228638
-1.477232933044433594
1.251425981521606445
-1.360052824020385742
0.651436090469360352
-0.636488258838653564
0.158715039491653442
-0.178069770336151123
-0.199039697647094727
0.196527689695358276
-0.026653936132788658
0.334832936525344849
0.001000000047497451
0.001000000047497451
0.001000000047497451
0.001000000047497451
0.001000000047497451
0.001000000047497451
0.001000000047497451
0.001000000047497451
0.001000000047497451
0.001000000047497451
-1.790277361869812012
-1.790277361869812012
-1.790277361869812012
-1.790277361869812012
-1.790277361869812012
2.047603607177734375
-1.736876368522644043
0.262491673231124878
0.011462066322565079
0.229902476072311401
0.708631515502929688
-0.161725565791130066
0.971977472305297852
-0.140540376305580139
0.470942169427871704
0.201121419668197632
-0.252049654722213745
0.888761043548583984
0.111252196133136749
0.546755254268646240
-0.040370423346757889
1.279883265495300293
-0.850833296775817871
1.644350409507751465
0.211935937404632568
0.573922157287597656
0.223616197705268860
0.437583565711975098
1.083484172821044922
-0.084356643259525299
1.627707719802856445
-0.430260419845581055
1.861559629440307617
-1.062535166740417480
1.964767694473266602
-0.254164010286331177
1.679556012153625488
0.547330260276794434
0.579807698726654053
1.042059421539306641
-0.630244672298431396
0.522142171859741211
-0.823242247104644775
0.729149520397186279
-1.225703120231628418
0.997703194618225098
-2.230322122573852539
2.279636383056640625
-0.772259414196014404
1.007918953895568848
-0.444579571485519409
1.042738914489746094
-0.400973469018936157
1.481089830398559570
-1.278098464012145996
-1.044772744178771973
1.593433022499084473
-2.164870500564575195
2.793368577957153320
-0.612749695777893066
1.676765441894531250
-1.131065011024475098
1.666083335876464844
-0.023380409926176071
-0.044339817017316818
1.406735658645629883
-1.278444170951843262
2.272496223449707031
-0.449174016714096069
1.572804927825927734
-0.007866569794714451
2.449210405349731445
-0.722554326057434082
0.943813800811767578
0.579204380512237549
-0.654171764850616455
2.354572772979736328
-2.343806505203247070
2.209612607955932617
-0.991756737232208252
1.036490917205810547
-0.410128802061080933
1.266407370567321777
-0.303035318851470947
0.121553748846054077
0.237472295761108398
-0.988749504089355469
1.151218175888061523
-1.353793859481811524
0.468270301818847656
0.254675954580307007
0.263783037662506104
-0.483932197093963623
1.057286500930786133
-1.237758398056030274
1.045569062232971191
-1.098291516304016113
-0.020300308242440224
0.004501718096435070
0.446077615022659302
-1.637119293212890625
1.257200837135314941
-1.100949168205261230
0.297827482223510742
0.362052559852600098
-0.939024269580841064
-0.227090314030647278
-0.015521733090281487
-1.874183416366577148
-0.252046942710876465
-0.889930307865142822
-0.059135448187589645
0.002604812383651733
0.617844104766845703
-1.579077720642089844
1.080811977386474609
-1.698786854743957520
0.889900386333465576
-1.218502998352050781
-0.050893582403659821
0.333296209573745728
-0.226752296090126038
1.077139854431152344
-1.072059273719787598
1.973828673362731934
-0.784643948078155518
1.650938153266906738
-0.826803922653198242
0.684488534927368164
0.074932433664798737
-0.555014729499816895
1.534799337387084961
-1.131747007369995117
2.373850822448730469
0.001000000047497451
0.001000000047497451
0.001000000047497451
0.001000000047497451
0.001000000047497451
0.001000000047497451
0.001000000047497451
0.001000000047497451
0.001000000047497451
0.001000000047497451
0.001000000047497451
0.001000000047497451
0.001000000047497451
0.001000000047497451
0.001000000047497451
0.341212302446365356
-0.184685304760932922
-0.022057665511965752
-0.092974327504634857
-0.171450838446617126
-0.053572803735733032
-0.208918511867523193
0.059197343885898590
-0.318740844726562500
0.198871552944183350
-0.025109507143497467
-0.090555146336555481
0.026972040534019470
-0.116754896938800812
-0.024452358484268188
-0.083019204437732697
0.040327329188585281
-0.263569146394729614
0.107601262629032135
-0.084232091903686523
-0.102793008089065552
-0.001453898381441832
-0.102553047239780426
-0.032946828752756119
-0.186802133917808533
-0.008216895163059235
-0.201862990856170654
-0.026693562045693398
-0.069815412163734436
-0.110433526337146759
0.260861665010452270
-0.300542950630187988
0.174470052123069763
-0.030750066041946411
0.157321646809577942
-0.078253626823425293
0.025819011032581329
0.100002579391002655
-0.043852023780345917
0.342671900987625122
-0.187558874487876892
0.251159399747848511
-0.311776489019393921
0.209875211119651794
-0.276323586702346802
0.234642773866653442
-0.402438074350357056
0.238510191440582275
-0.186818048357963562
0.074764512479305267
-0.225207984447479248
-0.051316998898983002
-0.035529866814613342
-0.279654324054718018
0.117704935371875763
-0.515925526618957520
0.272537946701049805
-0.249367013573646545
0.244509398937225342
0.141176909208297729
0.007430174387991428
0.103248588740825653
0.017899414524435997
0.163094028830528259
0.046540509909391403
0.162656217813491821
-0.131899014115333557
0.099904693663120270
0.074371159076690674
-0.047669582068920136
0.007933103479444981
0.011144245974719524
0.168915301561355591
0.014649808406829834
0.147608578205108643
0.003839025739580393
0.190612509846687317
-0.137771666049957275
0.115879446268081665
0.057023510336875916
0.066365092992782593
0.064571343362331390
-0.036389634013175964
0.121253415942192078
-0.096731230616569519
0.292699366807937622
-0.189010590314865112
0.159882813692092896
-0.077462255954742432
0.199328050017356873
-0.035480972379446030
0.042037792503833771
0.109144791960716248
-0.119494892656803131
0.133031010627746582
-0.118030279874801636
0.014463417232036591
0.004671202041208744
0.027812059968709946
-0.041715208441019058
-0.021418467164039612
0.115764766931533813
0.019771946594119072
0.055145788937807083
0.033841401338577271
0.007886901497840881
0.151097089052200317
-0.057766500860452652
0.093316540122032166
-0.036913175135850906
0.125749021768569946
-0.007997839711606503
0.108226262032985687
-0.020816575735807419
-0.013438907451927662
0.134199202060699463
0.020872199907898903
0.023942835628986359
-0.027751613408327103
0.191082134842872620
0.019496703520417213
0.055857669562101364
0.005787610076367855
-0.052891917526721954
0.162905499339103699
0.031732186675071716
-0.025214936584234238
0.033352177590131760
-1.344794154167175293
0.001000000047497451
0.001000000047497451
0.001000000047497451
0.001000000047497451
0.001000000047497451
0.001000000047497451
0.001000000047497451
0.001000000047497451
0.001000000047497451
0.001000000047497451
0.001000000047497451
0.001000000047497451
0.001000000047497451
0.001000000047497451
0.001000000047497451
0.341212302446365356
-0.184685304760932922
-0.022057665511965752
-0.092974327504634857
-0.171450838446617126
-0.053572803735733032
-0.208918511867523193
0.059197343885898590
-0.318740844726562500
0.198871552944183350
-0.025109507143497467
-0.090555146336555481
0.026972040534019470
-0.116754896938800812
-0.024452358484268188
-0.083019204437732697
0.040327329188585281
-0.263569146394729614
0.107601262629032135
-0.084232091903686523
-0.102793008089065552
-0.001453898381441832
-0.102553047239780426
-0.032946828752756119
-0.186802133917808533
-0.008216895163059235
-0.201862990856170654
-0.026693562045693398
-0.069815412163734436
-0.110433526337146759
0.260861665010452270
-0.300542950630187988
0.174470052123069763
-0.030750066041946411
0.157321646809577942
-0.078253626823425293
0.025819011032581329
0.100002579391002655
-0.043852023780345917
0.342671900987625122
-0.187558874487876892
0.251159399747848511
-0.311776489019393921
0.209875211119651794
-0.276323586702346802
0.234642773866653442
-0.402438074350357056
0.238510191440582275
-0.186818048357963562
0.074764512479305267
-0.225207984447479248
-0.051316998898983002
-0.035529866814613342
-0.279654324054718018
0.117704935371875763
-0.515925526618957520
0.272537946701049805
-0.249367013573646545
0.244509398937225342
0.141176909208297729
0.007430174387991428
0.103248588740825653
0.017899414524435997
0.163094028830528259
0.046540509909391403
0.162656217813491821
-0.131899014115333557
0.099904693663120270
0.074371159076690674
-0.047669582068920136
0.007933103479444981
0.011144245974719524
0.168915301561355591
0.014649808406829834
0.147608578205108643
0.003839025739580393
0.190612509846687317
-0.137771666049957275
0.115879446268081665
0.057023510336875916
0.066365092992782593
0.064571343362331390
-0.036389634013175964
0.121253415942192078
-0.096731230616569519
0.292699366807937622
-0.189010590314865112
0.159882813692092896
-0.077462255954742432
0.199328050017356873
-0.035480972379446030
0.042037792503833771
0.109144791960716248
-0.119494892656803131
0.133031010627746582
-0.118030279874801636
0.014463417232036591
0.004671202041208744
0.027812059968709946
-0.041715208441019058
-0.021418467164039612
0.115764766931533813
0.019771946594119072
0.055145788937807083
0.033841401338577271
0.007886901497840881
0.151097089052200317
-0.057766500860452652
0.093316540122032166
-0.036913175135850906
0.125749021768569946
-0.007997839711606503
0.108226262032985687
-0.020816575735807419
-0.013438907451927662
0.134199202060699463
0.020872199907898903
0.023942835628986359
-0.027751613408327103
0.191082134842872620
0.019496703520417213
0.055857669562101364
0.005787610076367855
-0.052891917526721954
0.162905499339103699
0.031732186675071716
-0.025214936584234238
0.033352177590131760
-1.344794154167175293
0.001000000047497451
0.001000000047497451
0.001000000047497451
0.001000000047497451
0.001000000047497451
0.001000000047497451
0.001000000047497451
0.001000000047497451
0.001000000047497451
0.001000000047497451
0.001000000047497451
0.001000000047497451
0.001000000047497451
0.001000000047497451
0.001000000047497451
0.341212302446365356
-0.184685304760932922
-0.022057665511965752
-0.092974327504634857
-0.171450838446617126
-0.053572803735733032
-0.208918511867523193
0.059197343885898590
-0.318740844726562500
0.198871552944183350
-0.025109507143497467
-0.090555146336555481
0.026972040534019470
-0.116754896938800812
-0.024452358484268188
-0.083019204437732697
0.040327329188585281
-0.263569146394729614
0.107601262629032135
-0.084232091903686523
-0.102793008089065552
-0.001453898381441832
-0.102553047239780426
-0.032946828752756119
-0.186802133917808533
-0.008216895163059235
-0.201862990856170654
-0.026693562045693398
-0.069815412163734436
-0.110433526337146759
0.260861665010452270
-0.300542950630187988
0.174470052123069763
-0.030750066041946411
0.157321646809577942
-0.078253626823425293
0.025819011032581329
0.100002579391002655
-0.043852023780345917
0.342671900987625122
-0.187558874487876892
0.251159399747848511
-0.311776489019393921
0.209875211119651794
-0.276323586702346802
0.234642773866653442
-0.402438074350357056
0.238510191440582275
-0.186818048357963562
0.074764512479305267
-0.225207984447479248
-0.051316998898983002
-0.035529866814613342
-0.279654324054718018
0.117704935371875763
-0.515925526618957520
0.272537946701049805
-0.249367013573646545
0.244509398937225342
0.141176909208297729
0.007430174387991428
0.103248588740825653
0.017899414524435997
0.163094028830528259
0.046540509909391403
0.162656217813491821
-0.131899014115333557
0.099904693663120270
0.074371159076690674
-0.047669582068920136
0.007933103479444981
0.011144245974719524
0.168915301561355591
0.014649808406829834
0.147608578205108643
0.003839025739580393
0.190612509846687317
-0.137771666049957275
0.115879446268081665
0.057023510336875916
0.066365092992782593
0.064571343362331390
-0.036389634013175964
0.121253415942192078
-0.096731230616569519
0.292699366807937622
-0.189010590314865112
0.159882813692092896
-0.077462255954742432
0.199328050017356873
-0.035480972379446030
0.042037792503833771
0.109144791960716248
-0.119494892656803131
0.133031010627746582
-0.118030279874801636
0.014463417232036591
0.004671202041208744
0.027812059968709946
-0.041715208441019058
-0.021418467164039612
0.115764766931533813
0.019771946594119072
0.055145788937807083
0.033841401338577271
0.007886901497840881
0.151097089052200317
-0.057766500860452652
0.093316540122032166
-0.036913175135850906
0.125749021768569946
-0.007997839711606503
0.108226262032985687
-0.020816575735807419
-0.013438907451927662
0.134199202060699463
0.020872199907898903
0.023942835628986359
-0.027751613408327103
0.191082134842872620
0.019496703520417213
0.055857669562101364
0.005787610076367855
-0.052891917526721954
0.162905499339103699
0.031732186675071716
-0.025214936584234238
0.033352177590131760
-1.344794154167175293
0.001000000047497451
0.001000000047497451
0.001000000047497451
0.001000000047497451
0.001000000047497451
0.001000000047497451
0.001000000047497451
0.001000000047497451
0.001000000047497451
0.001000000047497451
0.001000000047497451
0.001000000047497451
0.001000000047497451
0.001000000047497451
0.001000000047497451
0.341212302446365356
-0.184685304760932922
-0.022057665511965752
-0.092974327504634857
-0.171450838446617126
-0.053572803735733032
-0.208918511867523193
0.059197343885898590
-0.318740844726562500
0.198871552944183350
-0.025109507143497467
-0.090555146336555481
0.026972040534019470
-0.116754896938800812
-0.024452358484268188
-0.083019204437732697
0.040327329188585281
-0.263569146394729614
0.107601262629032135
-0.084232091903686523
-0.102793008089065552
-0.001453898381441832
-0.102553047239780426
-0.032946828752756119
-0.186802133917808533
-0.008216895163059235
-0.201862990856170654
-0.026693562045693398
-0.069815412163734436
-0.110433526337146759
0.260861665010452270
-0.300542950630187988
0.174470052123069763
-0.030750066041946411
0.157321646809577942
-0.078253626823425293
0.025819011032581329
0.100002579391002655
-0.043852023780345917
0.342671900987625122
-0.187558874487876892
0.251159399747848511
-0.311776489019393921
0.209875211119651794
-0.276323586702346802
0.234642773866653442
-0.402438074350357056
0.238510191440582275
-0.186818048357963562
0.074764512479305267
-0.225207984447479248
-0.051316998898983002
-0.035529866814613342
-0.279654324054718018
0.117704935371875763
-0.515925526618957520
0.272537946701049805
-0.249367013573646545
0.244509398937225342
0.141176909208297729
0.007430174387991428
0.103248588740825653
0.017899414524435997
0.163094028830528259
0.046540509909391403
0.162656217813491821
-0.131899014115333557
0.099904693663120270
0.074371159076690674
-0.047669582068920136
0.007933103479444981
0.011144245974719524
0.168915301561355591
0.014649808406829834
0.147608578205108643
0.003839025739580393
0.190612509846687317
-0.137771666049957275
0.115879446268081665
0.057023510336875916
0.066365092992782593
0.064571343362331390
-0.036389634013175964
0.121253415942192078
-0.096731230616569519
0.292699366807937622
-0.189010590314865112
0.159882813692092896
-0.077462255954742432
0.199328050017356873
-0.035480972379446030
0.042037792503833771
0.109144791960716248
-0.119494892656803131
0.133031010627746582
-0.118030279874801636
0.014463417232036591
0.004671202041208744
0.027812059968709946
-0.041715208441019058
-0.021418467164039612
0.115764766931533813
0.019771946594119072
0.055145788937807083
0.033841401338577271
0.007886901497840881
0.151097089052200317
-0.057766500860452652
0.093316540122032166
-0.036913175135850906
0.125749021768569946
-0.007997839711606503
0.108226262032985687
-0.020816575735807419
-0.013438907451927662
0.134199202060699463
0.020872199907898903
0.023942835628986359
-0.027751613408327103
0.191082134842872620
0.019496703520417213
0.055857669562101364
0.005787610076367855
-0.052891917526721954
0.162905499339103699
0.031732186675071716
-0.025214936584234238
0.033352177590131760
-1.344794154167175293
0.001000000047497451
0.001000000047497451
0.001000000047497451
0.001000000047497451
0.001000000047497451
0.001000000047497451
0.001000000047497451
0.001000000047497451
0.001000000047497451
0.001000000047497451
0.001000000047497451
0.001000000047497451
0.001000000047497451
0.001000000047497451
0.001000000047497451
0.341212302446365356
-0.184685304760932922
-0.022057665511965752
-0.092974327504634857
-0.171450838446617126
-0.053572803735733032
-0.208918511867523193
0.059197343885898590
-0.318740844726562500
0.198871552944183350
-0.025109507143497467
-0.090555146336555481
0.026972040534019470
-0.116754896938800812
-0.024452358484268188
-0.083019204437732697
0.040327329188585281
-0.263569146394729614
0.107601262629032135
-0.084232091903686523
-0.102793008089065552
-0.001453898381441832
-0.102553047239780426
-0.032946828752756119
-0.186802133917808533
-0.008216895163059235
-0.201862990856170654
-0.026693562045693398
-0.069815412163734436
-0.110433526337146759
0.260861665010452270
-0.300542950630187988
0.174470052123069763
-0.030750066041946411
0.157321646809577942
-0.078253626823425293
0.025819011032581329
0.100002579391002655
-0.043852023780345917
0.342671900987625122
-0.187558874487876892
0.251159399747848511
-0.311776489019393921
0.209875211119651794
-0.276323586702346802
0.234642773866653442
-0.402438074350357056
0.238510191440582275
-0.186818048357963562
0.074764512479305267
-0.225207984447479248
-0.051316998898983002
-0.035529866814613342
-0.279654324054718018
0.117704935371875763
-0.515925526618957520
0.272537946701049805
-0.249367013573646545
0.244509398937225342
0.141176909208297729
0.007430174387991428
0.103248588740825653
0.017899414524435997
0.163094028830528259
0.046540509909391403
0.162656217813491821
-0.131899014115333557
0.099904693663120270
0.074371159076690674
-0.047669582068920136
0.007933103479444981
0.011144245974719524
0.168915301561355591
0.014649808406829834
0.147608578205108643
0.003839025739580393
0.190612509846687317
-0.137771666049957275
0.115879446268081665
0.057023510336875916
0.066365092992782593
0.064571343362331390
-0.036389634013175964
0.121253415942192078
-0.096731230616569519
0.292699366807937622
-0.189010590314865112
0.159882813692092896
-0.077462255954742432
0.199328050017356873
-0.035480972379446030
0.042037792503833771
0.109144791960716248
-0.119494892656803131
0.133031010627746582
-0.118030279874801636
0.014463417232036591
0.004671202041208744
0.027812059968709946
-0.041715208441019058
-0.021418467164039612
0.115764766931533813
0.019771946594119072
0.055145788937807083
0.033841401338577271
0.007886901497840881
0.151097089052200317
-0.057766500860452652
0.093316540122032166
-0.036913175135850906
0.125749021768569946
-0.007997839711606503
0.108226262032985687
-0.020816575735807419
-0.013438907451927662
0.134199202060699463
0.020872199907898903
0.023942835628986359
-0.027751613408327103
0.191082134842872620
0.019496703520417213
0.055857669562101364
0.005787610076367855
-0.052891917526721954
0.162905499339103699
0.031732186675071716
-0.025214936584234238
0.033352177590131760
-1.344794154167175293
