484.000000000000000000
0.001000000047497451
0.001000000047497451
0.001000000047497451
0.001000000047497451
0.001000000047497451
0.001000000047497451
0.001000000047497451
0.001000000047497451
0.001000000047497451
0.001000000047497451
1.472482085227966309
-4.971961021423339844
1.860570549964904785
-4.283462524414062500
3.244065999984741211
0.327678740024566650
-23.688743591308593750
-19.215894699096679690
11.393894195556640620
6.256886959075927734
26.416999816894531250
-10.965447425842285160
-0.414543658494949341
7.304211139678955078
-3.545408010482788086
18.317672729492187500
-24.859294891357421880
-7.344512939453125000
-14.526973724365234380
-10.498041152954101562
-2.775097370147705078
-1.680147528648376465
15.521503448486328120
6.296299457550048828
-3.353075742721557617
-4.061732292175292969
10.263728141784667969
6.488786220550537110
-7.218054294586181640
-3.116062402725219726
-2.813264369964599610
-2.944021463394165039
10.606208801269531250
3.718184232711791992
0.001000000047497451
0.001000000047497451
0.001000000047497451
0.001000000047497451
0.001000000047497451
0.001000000047497451
0.001000000047497451
0.001000000047497451
0.001000000047497451
0.001000000047497451
-7.730944633483886719
14.713999748229980470
-6.582675457000732422
3.934173583984375000
2.642823219299316406
15.126770019531250000
-14.596890449523925780
-0.972173094749450684
10.913729667663574220
-29.761268615722656250
-12.055233955383300780
3.791639089584350586
3.428029537200927734
-0.539294540882110596
3.321998596191406250
5.239418029785156250
13.223426818847656250
-11.554453849792480470
5.999939918518066406
7.611486911773681640
5.036222457885742188
3.281434774398803711
-0.403554022312164307
9.645411491394042969
13.974204063415527340
1.006133913993835449
6.191102981567382812
-2.588706493377685547
0.494181185960769653
4.387188434600830078
-3.895454883575439453
16.968454360961914060
0.731416285037994385
5.805490016937255860
0.001000000047497451
0.001000000047497451
0.001000000047497451
0.001000000047497451
0.001000000047497451
0.001000000047497451
0.001000000047497451
0.001000000047497451
0.001000000047497451
0.001000000047497451
-3.261058092117309570
-9.466384887695312500
7.003441810607910156
14.479727745056152340
8.446628570556640625
5.342504978179931640
6.041757106781005860
14.315619468688964840
19.254192352294921880
5.160621643066406250
8.721661567687988281
-9.859519004821777344
3.773741483688354492
13.028603553771972660
17.455265045166015620
-8.252575874328613281
-10.568561553955078125
-0.386792838573455811
-14.696045875549316410
-2.414639472961425781
-8.379317283630371094
-8.107144355773925781
-13.207781791687011720
-14.440894126892089840
-4.917225360870361328
-1.513196825981140137
15.831887245178222660
20.862373352050781250
20.236194610595703120
4.498247623443603516
-11.088125228881835940
-4.483637332916259766
-3.540470361709594726
6.844541072845458984
0.001000000047497451
0.001000000047497451
0.001000000047497451
0.001000000047497451
0.001000000047497451
0.001000000047497451
0.001000000047497451
0.001000000047497451
0.001000000047497451
0.001000000047497451
-2.323495626449584961
-1.282487869262695312
12.280295372009277340
0.159529834985733032
-0.753446459770202637
-15.603661537170410160
11.961536407470703120
-3.697875738143920898
-15.704557418823242190
10.218122482299804688
5.806924343109130860
10.343048095703125000
-0.901627421379089356
-1.568821191787719726
1.696282863616943359
-0.193859249353408813
-5.741046905517578125
-30.258049011230468750
-11.875572204589843750
12.800240516662597660
4.439546585083007812
-7.084191322326660156
5.484909057617187500
2.199543952941894531
2.356270551681518555
7.305662631988525390
-2.135773658752441406
5.828702926635742188
6.807762145996093750
5.317540168762207031
10.452375411987304688
-10.589254379272460938
-7.880367755889892578
4.627027511596679688
0.001000000047497451
0.001000000047497451
0.001000000047497451
0.001000000047497451
0.001000000047497451
0.001000000047497451
0.001000000047497451
0.001000000047497451
0.001000000047497451
0.001000000047497451
-0.689230561256408691
-14.673142433166503910
1.658361434936523438
-8.729924201965332031
8.771754264831542969
15.362025260925292970
7.557179927825927734
7.422432899475097656
3.162657976150512695
9.057310104370117188
10.518220901489257812
1.437503457069396973
8.671390533447265625
5.673110008239746094
-12.900605201721191410
-0.155513688921928406
19.661865234375000000
6.081707954406738281
-11.101220130920410160
-2.399412155151367188
20.560071945190429690
26.701618194580078120
-5.262871265411376953
-2.822617769241333008
2.792892456054687500
6.597147941589355469
8.806835174560546875
-19.838350296020507810
-22.143419265747070310
-22.739118576049804690
-2.876574516296386719
-7.861156463623046875
1.618927717208862305
4.220523834228515625
0.001000000047497451
0.001000000047497451
0.001000000047497451
0.001000000047497451
0.001000000047497451
0.001000000047497451
0.001000000047497451
0.001000000047497451
0.001000000047497451
0.001000000047497451
5.829791545867919922
-1.073026895523071289
2.065425395965576172
11.158772468566894530
-16.659051895141601560
-17.169767379760742190
5.381612777709960938
-6.648325920104980469
-4.533758163452148438
-4.471766471862792969
-8.857867240905761719
5.190375328063964844
8.395209312438964844
14.479334831237792970
10.438717842102050781
-10.805736541748046880
-15.255197525024414060
17.340358734130859380
-3.889077425003051758
-21.881479263305664060
-20.434488296508789060
0.429165512323379517
-14.044925689697265620
-12.469693183898925780
4.641560077667236328
-13.909011840820312500
4.143262386322021484
-26.588752746582031250
-21.821409225463867190
-7.430096626281738281
-3.986728906631469726
5.634308338165283203
-2.656675338745117188
0.467519074678421020
0.001000000047497451
0.001000000047497451
0.001000000047497451
0.001000000047497451
0.001000000047497451
0.001000000047497451
0.001000000047497451
0.001000000047497451
0.001000000047497451
0.001000000047497451
0.369952887296676636
13.749485969543457030
5.161889553070068360
-7.473538398742675781
-20.728069305419921880
-9.981947898864746094
6.072178363800048828
4.060601234436035156
-28.237310409545898440
-19.635231018066406250
-15.804976463317871090
-22.950962066650390620
-9.985712051391601562
-3.166382312774658203
-0.963070034980773926
3.115909814834594726
-4.006507396697998047
15.724336624145507810
22.937395095825195310
-1.342336177825927734
5.638934612274169922
-2.071106195449829102
14.494338035583496090
3.542613029479980469
2.309968948364257812
-2.425176620483398438
0.674575686454772949
19.738452911376953120
7.658531665802001953
-11.940343856811523440
-2.789592504501342774
-2.276069402694702148
-4.329972743988037110
1.050387620925903320
0.001000000047497451
0.001000000047497451
0.001000000047497451
0.001000000047497451
0.001000000047497451
0.001000000047497451
0.001000000047497451
0.001000000047497451
0.001000000047497451
0.001000000047497451
-0.653305113315582275
-6.384541511535644531
-11.683007240295410160
1.962372303009033203
5.775728225708007812
3.173798799514770508
5.116971015930175781
7.119452476501464844
-0.647746026515960693
1.380260944366455078
2.260946512222290039
1.559338688850402832
-12.300655364990234380
-17.086503982543945310
-16.960056304931640620
-20.974355697631835940
-6.896894931793212890
2.179685831069946289
2.206289291381835938
1.569188952445983887
-2.221518993377685547
-0.742997884750366211
3.220558881759643555
4.125773906707763672
1.553244590759277344
-4.263659000396728516
-0.663839399814605713
-3.109294891357421875
1.916868448257446289
5.031104564666748047
-0.240764170885086060
2.989052295684814453
-1.232012033462524414
1.822755336761474609
0.001000000047497451
0.001000000047497451
0.001000000047497451
0.001000000047497451
0.001000000047497451
0.001000000047497451
0.001000000047497451
0.001000000047497451
0.001000000047497451
0.001000000047497451
2.659573793411254883
-5.842898368835449219
-18.680170059204101560
-13.244101524353027340
-5.162256717681884766
-0.707799613475799561
-17.098426818847656250
-15.115656852722167970
-6.985570430755615234
5.095989704132080078
-4.305520534515380860
7.428579807281494140
-1.935048818588256836
-6.713329792022705078
-6.710322380065917969
5.799947261810302734
20.356786727905273440
-5.745038032531738281
-1.061642527580261230
2.430751562118530274
0.053408250212669373
-1.253721833229064941
-12.373687744140625000
-12.651450157165527340
-16.468498229980468750
-1.049308776855468750
-10.582022666931152344
7.379932880401611328
9.176064491271972656
3.948835849761962890
0.250661075115203857
-6.505622386932373047
-1.182909369468688965
-0.445374131202697754
0.001000000047497451
0.001000000047497451
0.001000000047497451
0.001000000047497451
0.001000000047497451
0.001000000047497451
0.001000000047497451
0.001000000047497451
0.001000000047497451
0.001000000047497451
-10.995471954345703120
13.275031089782714840
12.729844093322753910
0.146054029464721680
4.205928325653076172
-1.478773593902587891
16.877719879150390620
11.921937942504882810
3.607895374298095703
11.095849990844726560
-14.048310279846191410
3.978592872619628906
3.146795511245727539
-3.037512540817260742
10.261701583862304688
8.094810485839843750
6.817690372467041016
23.603446960449218750
23.616338729858398440
2.354078054428100586
-2.988046407699584961
-4.977492809295654297
6.678816795349121094
11.667778968811035160
-1.357130527496337891
7.579138755798339844
-25.821201324462890620
-12.467670440673828120
-6.442605018615722656
6.799775600433349610
11.097095489501953120
5.267385005950927734
5.407635688781738281
7.761668205261230469
0.001000000047497451
0.001000000047497451
0.001000000047497451
0.001000000047497451
0.001000000047497451
0.001000000047497451
0.001000000047497451
0.001000000047497451
0.001000000047497451
0.001000000047497451
0.001000000047497451
-2.045415639877319336
-1.866040110588073730
-0.312159061431884766
-3.466550588607788086
-3.165233135223388672
-1.756553888320922852
-3.573864936828613281
-3.007586002349853516
-0.256244868040084839
0.895791411399841309
0.000420142285292968
-0.147095054388046265
1.127749323844909668
-1.372950792312622070
-1.541151762008666992
-2.694118976593017578
0.230881497263908386
-2.442643165588378906
-3.283692359924316406
-2.000347852706909180
0.590656995773315430
-1.582742571830749512
-2.892923831939697266
-0.611328423023223877
-2.688136577606201172
2.014776706695556641
-1.632152676582336426
-2.277703046798706055
-2.050882101058959961
-1.024033308029174805
-0.970503211021423340
-0.624330401420593262
-2.386596441268920898
