2160.000000000000000000
0.001000000047497451
0.001000000047497451
0.001000000047497451
0.001000000047497451
0.001000000047497451
0.001000000047497451
0.001000000047497451
0.001000000047497451
0.001000000047497451
0.001000000047497451
0.121767185628414154
0.121767185628414154
0.121767185628414154
0.121767185628414154
0.121767185628414154
-1.749252676963806152
3.005619287490844726
-2.341790676116943360
2.426595449447631836
-2.279392242431640625
2.409488439559936524
-2.649605035781860352
1.717748880386352539
-1.533982872962951660
0.905957758426666260
2.104066133499145508
-1.321328639984130859
2.073927402496337891
-2.347124338150024414
1.503385663032531738
-1.284926891326904297
1.947792410850524902
-2.378523349761962890
0.732575893402099609
-0.108822569251060486
-1.606474518775939941
1.219069957733154297
-2.959074974060058594
1.315664768218994141
-1.978957653045654297
0.162513300776481628
-1.397932767868041992
-0.673018693923950195
2.958284139633178711
-1.349337100982666016
2.701039075851440430
-0.319323539733886719
1.149018406867980957
-0.662060797214508057
1.135032773017883301
-1.119010329246520996
0.104143030941486359
1.098367094993591309
-0.496518701314926147
3.857243061065673828
-2.670650482177734375
3.557817697525024414
-3.817831039428710938
1.875977754592895508
-1.067228555679321289
1.815455794334411621
-0.465108484029769897
0.400437384843826294
1.393803834915161133
-0.587695538997650146
4.277124881744384766
-4.418223381042480469
5.169562339782714844
-5.892532348632812500
0.254881322383880615
-1.410277485847473144
-0.043164089322090149
0.685016334056854248
-0.455917745828628540
4.692169666290283203
-2.615076065063476562
1.197923660278320312
-3.261837482452392578
-0.276239842176437378
-1.902430057525634766
0.363398671150207520
-1.931792855262756348
0.690395772457122803
-0.131253123283386230
-2.060531854629516602
2.401434659957885742
-3.849016189575195312
1.284908294677734375
-2.236584901809692383
1.258454799652099609
-1.394440174102783203
0.588434934616088867
-0.320736974477767944
-0.867728352546691894
0.932741999626159668
-0.240059927105903625
2.213648796081542969
-2.290414571762084961
-0.360719323158264160
-0.791127979755401611
0.982750892639160156
-1.318468332290649414
2.058973312377929688
-1.393116593360900879
1.975237607955932617
-1.889716506004333496
1.528767704963684082
0.185749128460884094
-0.898556232452392578
-0.444344460964202881
-0.599806010723114014
0.492431312799453735
-1.751810073852539062
1.618950605392456055
-1.593937754631042480
1.073354005813598633
-0.025225795805454254
-0.014720921404659748
-0.263969659805297852
-1.123507857322692871
1.026812672615051270
-2.053924798965454102
1.743478894233703613
-0.302841871976852417
0.460832297801971436
-1.931911587715148926
0.390481531620025635
-0.452128887176513672
1.032477259635925293
0.229451447725296020
-0.868889153003692627
1.191938400268554688
-2.268580913543701172
1.011557340621948242
-0.798829853534698486
0.193718284368515015
-1.215521693229675293
0.571074962615966797
-1.688534140586853027
0.872677743434906006
0.444358199834823608
-0.466676414012908936
-0.031064400449395180
2.101484298706054688
0.001000000047497451
0.001000000047497451
0.001000000047497451
0.001000000047497451
0.001000000047497451
0.001000000047497451
0.001000000047497451
0.001000000047497451
0.001000000047497451
0.001000000047497451
-2.004693984985351562
-2.004693984985351562
-2.004693984985351562
-2.004693984985351562
-2.004693984985351562
-1.810935974121093750
1.489499807357788086
-0.838826954364776611
1.221026659011840820
1.103093266487121582
1.271381974220275879
1.978715896606445312
-1.258961558341979980
3.792322397232055664
-3.086264371871948242
1.653783321380615234
-1.045999646186828613
0.566788613796234131
-0.250135987997055054
0.024110406637191772
0.108573555946350098
-1.002681493759155273
2.888531684875488281
-3.244840145111083984
4.187395095825195312
-3.094579935073852539
1.419368267059326172
-0.308642089366912842
0.722262322902679443
0.905025422573089600
-0.166746348142623901
1.426530957221984863
-2.014710903167724609
2.912469625473022461
-1.725485563278198242
0.037859804928302765
-0.674987912178039551
-0.851720154285430908
-2.382744789123535156
-0.574250817298889160
-1.893973469734191894
0.161474540829658508
-2.065940380096435547
0.493968576192855835
-1.403674960136413574
0.253077059984207153
0.796766936779022217
-0.716230988502502441
1.287827491760253906
-0.068964108824729919
0.998448729515075684
-0.558995962142944336
1.061706781387329102
-0.680714905261993408
1.729898095130920410
1.065502643585205078
0.173894882202148438
0.339736640453338623
1.236635804176330566
1.116271018981933594
-0.212338566780090332
1.874668836593627930
-0.658874750137329102
2.011692523956298828
-0.496440768241882324
1.413041830062866211
0.637514472007751465
-2.082123041152954102
0.265080362558364868
-3.767688751220703125
0.285927355289459229
-1.849156618118286133
1.189424395561218262
-1.065134167671203613
1.991353154182434082
1.325324535369873047
0.511868238449096680
0.156557694077491760
0.838886797428131104
-1.487258076667785644
1.532551169395446777
-0.827734768390655518
1.620346665382385254
-0.651788592338562012
1.984521031379699707
-0.896343231201171875
2.029230356216430664
0.214020282030105591
-1.523837804794311524
1.836468100547790527
-2.210845470428466797
2.122285842895507812
-0.652099847793579102
1.135362744331359863
-0.564813911914825439
2.041963577270507812
-1.062374353408813477
2.154930591583251953
-0.466910570859909058
-0.448941469192504883
1.828391075134277344
-1.175574064254760742
1.062574148178100586
-0.697569549083709717
2.235184669494628906
-0.785091519355773926
1.466348528861999512
-1.548947334289550781
1.660685181617736816
-0.668482005596160889
-0.208053752779960632
-0.117099292576313019
-0.123504228889942169
0.295091778039932251
-0.463478416204452515
-0.059315618127584457
-0.703159034252166748
0.359582364559173584
-0.906608700752258301
0.761272668838500977
-1.005015134811401367
-0.155629441142082214
-0.261223047971725464
0.743994414806365967
-0.432137876749038696
0.633991181850433350
0.395714193582534790
0.148512095212936401
1.019506096839904785
-0.274795234203338623
0.580572545528411865
0.765585184097290039
-0.399606317281723022
2.207655191421508789
0.001000000047497451
0.001000000047497451
0.001000000047497451
0.001000000047497451
0.001000000047497451
0.001000000047497451
0.001000000047497451
0.001000000047497451
0.001000000047497451
0.001000000047497451
-3.796061754226684570
-3.796061754226684570
-3.796061754226684570
-3.796061754226684570
-3.796061754226684570
-2.208682537078857422
1.439993858337402344
1.702980756759643555
-0.317883729934692383
2.151553869247436524
-0.704217314720153809
1.686180472373962402
-0.511847734451293945
2.035177946090698242
-0.872774600982666016
-0.341587364673614502
2.279702901840209961
-0.560906887054443359
2.219263076782226562
-0.339035332202911377
2.510983467102050781
-0.110027879476547241
2.075009584426879883
0.108136847615242004
0.707175910472869873
1.164505958557128906
0.094616375863552094
1.035167574882507324
0.096062019467353821
1.449779987335205078
0.017200738191604614
3.095660209655761719
0.161775335669517517
2.188523530960083008
0.310320109128952026
0.380327343940734863
1.366156458854675293
-0.552595615386962891
1.901278853416442871
-1.041027903556823730
2.266280651092529297
-0.566813349723815918
2.031050920486450195
-1.025905370712280273
1.046058535575866699
-0.255528718233108520
-0.189727753400802612
1.368286490440368652
-1.365170240402221680
2.243935823440551758
-1.300000548362731934
2.995439052581787110
-1.900639295578002930
1.940739631652832031
-0.972364187240600586
3.234588384628295898
-1.726193785667419434
3.000381708145141602
-2.006845235824584961
0.020856251940131187
2.674681663513183594
-2.478710412979125976
1.966054916381835938
-2.154063463211059570
0.713995456695556641
-1.270413756370544434
1.139366149902343750
-0.136903360486030579
-0.144530653953552246
0.173096790909767151
-1.158502459526062012
0.317853927612304688
-1.064682602882385254
-0.343088477849960327
-1.353367090225219726
0.722643136978149414
-2.109256029129028320
0.573018848896026611
-2.009083986282348633
1.124682784080505371
-0.196984753012657166
-0.996265053749084473
0.880026102066040039
-0.499999701976776123
-0.237798213958740234
-0.479799062013626099
0.260975390672683716
-0.481312483549118042
0.507475852966308594
-0.315718889236450195
-0.510611772537231445
-0.235164389014244080
-0.387343615293502808
0.093001060187816620
-0.530056595802307129
-1.072215318679809570
1.410934925079345703
-2.216939687728881836
1.999297022819519043
-1.316408991813659668
1.088717103004455566
0.257816970348358154
-0.069124780595302582
0.799711346626281738
-0.858517944812774658
1.690604329109191894
-1.187058687210083008
1.723431110382080078
-1.707357764244079590
2.062565565109252930
-0.362774670124053955
-0.095506459474563599
0.898705840110778809
-0.605813145637512207
1.511348366737365723
-0.827399611473083496
1.653026342391967774
-1.388158321380615234
1.827380895614624024
-0.204049274325370789
0.046109002083539963
0.742765724658966064
-0.936637818813323975
0.981421887874603272
-2.094663619995117188
0.101207420229911804
-1.518364548683166504
0.866909980773925781
0.031948134303092957
-0.918266236782073975
-0.149988949298858643
-1.003885388374328613
0.962851643562316894
3.742184400558471680
0.001000000047497451
0.001000000047497451
0.001000000047497451
0.001000000047497451
0.001000000047497451
0.001000000047497451
0.001000000047497451
0.001000000047497451
0.001000000047497451
0.001000000047497451
-1.515236496925354004
-1.515236496925354004
-1.515236496925354004
-1.515236496925354004
-1.515236496925354004
-0.432389885187149048
0.838664352893829346
1.313300490379333496
0.115325041115283966
1.071139335632324219
0.117248691618442535
0.516392827033996582
0.846551537513732910
-1.546850204467773438
2.048896789550781250
-0.165946543216705322
0.051239307969808578
0.263544887304306030
-0.556291759014129639
1.275705933570861816
-2.632178783416748047
0.775495111942291260
-1.277788519859313965
0.484530448913574219
0.318885654211044312
-1.745598435401916504
1.611927866935729980
-3.259358167648315430
2.138577461242675781
-3.251876115798950195
1.610727906227111816
-2.984427690505981445
2.424841403961181640
-1.721170783042907715
0.763634383678436279
-0.126399844884872437
-0.892612695693969727
1.672600030899047852
-2.312026977539062500
1.605340361595153809
-2.621613264083862305
2.323199748992919922
-1.369957804679870606
0.731509208679199219
-1.791761517524719238
-0.114200234413146973
-0.087604835629463196
-1.984624505043029785
0.603470802307128906
-4.163257122039794922
0.686921179294586182
-3.723422288894653320
0.468640804290771484
-0.959103882312774658
1.965915083885192871
-0.864236712455749512
1.066171646118164062
0.028676291927695274
3.010050296783447266
-1.474318265914916992
4.180215835571289062
-1.712260842323303223
3.451665401458740234
-1.687917351722717285
2.306822061538696289
0.032187186181545258
-0.324868947267532349
1.426216602325439453
-1.190944910049438476
1.836394786834716797
-1.004429817199707031
1.836351275444030762
-1.306383252143859863
1.645786881446838379
-1.354861497879028320
2.074009895324707031
-1.307959437370300293
0.819565713405609131
-0.384648889303207397
0.133169636130332947
-0.191165462136268616
-0.077468663454055786
1.356013894081115723
-0.842172443866729736
0.692031443119049072
-0.586882948875427246
0.178176328539848328
0.142048329114913940
-0.062669284641742706
-0.363712072372436523
0.647111594676971436
-0.021431038156151772
0.564621627330780029
1.344801306724548340
-0.165344536304473877
1.158455610275268555
0.416702270507812500
0.672676563262939453
0.740383863449096680
0.356566220521926880
0.590665578842163086
0.726550102233886719
1.112374901771545410
0.343526870012283325
1.549694538116455078
0.803935825824737549
1.143560767173767090
0.318964689970016480
1.136656641960144043
0.436707794666290283
1.588215112686157226
0.195332482457160950
1.643759012222290039
-0.198816671967506409
1.893765687942504883
-0.137121587991714478
1.782655239105224609
-1.244910359382629394
1.165468811988830566
-0.261173874139785767
-0.263800889253616333
0.568523228168487549
-1.974951267242431641
-0.278297275304794312
-1.658187985420227051
0.082144044339656830
-1.480222940444946289
-0.383646160364151001
-1.009855747222900391
0.230611249804496765
0.145328268408775330
-0.577069342136383057
0.474026829004287720
2.040860414505004883
0.001000000047497451
0.001000000047497451
0.001000000047497451
0.001000000047497451
0.001000000047497451
0.001000000047497451
0.001000000047497451
0.001000000047497451
0.001000000047497451
0.001000000047497451
-0.245378240942955017
-0.245378240942955017
-0.245378240942955017
-0.245378240942955017
-0.245378240942955017
-2.444127559661865234
2.400057315826416016
-1.012787103652954102
0.476442188024520874
1.326067447662353516
-0.679346144199371338
1.038003087043762207
0.252222120761871338
-1.173729300498962402
2.349104881286621094
-1.861203074455261230
0.101574942469596863
1.070181846618652344
0.329795539379119873
1.258381128311157226
1.655014157295227051
1.843132853507995606
0.781330764293670654
2.531701564788818360
-0.613655507564544678
1.705312490463256836
-1.178460717201232910
1.692719578742980957
0.289853364229202270
-0.288044601678848267
1.378999471664428711
0.347318053245544434
2.337042331695556640
-1.574657440185546875
2.983578205108642578
-2.767504692077636719
2.689508676528930664
-0.500520884990692139
1.124716520309448242
1.717460513114929199
-0.440670162439346313
2.015225172042846680
-1.272927761077880859
2.856188535690307617
-2.639447450637817383
3.220637321472167969
-2.475502252578735352
3.967623472213745117
-0.890905141830444336
1.611821174621582031
-0.175525337457656860
0.246377512812614441
0.648950994014739990
-1.988070011138916016
2.187670469284057617
-2.088177204132080078
0.819708406925201416
-1.407001614570617676
0.080705173313617706
2.371529340744018555
-2.614344358444213867
1.957409381866455078
-0.933876991271972656
2.108056068420410156
-1.600137948989868164
1.391731858253479004
1.868030309677124024
-1.977745532989501953
1.920097947120666504
-3.079633474349975586
2.016812086105346680
-3.311185836791992188
2.295204401016235352
-2.756785631179809570
1.001276135444641113
-3.252819299697875976
1.215088963508605957
0.257115840911865234
-0.687196910381317139
3.342098236083984375
-3.040974140167236328
2.764465570449829102
-1.957697510719299316
0.957550466060638428
1.022302389144897461
-0.547077000141143799
2.060475826263427734
-3.148073911666870117
5.782349586486816406
-3.537775516510009766
2.001185178756713867
-1.865872979164123535
2.675745487213134766
-0.908431291580200195
0.181036755442619324
1.162539362907409668
-1.522541642189025879
1.232083678245544434
-0.860305488109588623
1.902253389358520508
-1.906491518020629883
-0.249966874718666077
-2.305888414382934570
0.754931449890136719
-2.156614780426025391
0.308792322874069214
0.807943403720855713
0.285156905651092529
-0.680527508258819580
-0.557899594306945801
-0.498157471418380737
-0.536225676536560059
0.738345146179199219
-4.013108253479003906
2.389957904815673828
-2.021460771560668945
1.480750083923339844
-3.023580312728881836
1.392329931259155274
-0.330099165439605713
0.312414467334747314
1.245074868202209473
-0.644588410854339600
2.183461427688598633
-1.766776919364929199
2.411188364028930664
-1.634494662284851074
0.451360851526260376
-0.734718680381774902
0.507500588893890381
0.881214618682861328
-1.835775375366210938
1.433250188827514648
1.236230134963989258
0.001000000047497451
0.001000000047497451
0.001000000047497451
0.001000000047497451
0.001000000047497451
0.001000000047497451
0.001000000047497451
0.001000000047497451
0.001000000047497451
0.001000000047497451
-1.285656213760375976
-1.285656213760375976
-1.285656213760375976
-1.285656213760375976
-1.285656213760375976
0.154108822345733643
-0.041282083839178085
-1.824671030044555664
-0.611089766025543213
-3.445802927017211914
-0.212735638022422791
-2.689775943756103516
0.186809957027435303
-1.694816589355468750
-0.582050621509552002
-0.561341524124145508
-1.425544977188110352
-2.141091585159301758
-2.627705574035644531
-1.440413117408752441
-2.745311021804809570
-3.277519226074218750
-0.984056949615478516
-2.493063926696777344
-3.551145792007446289
0.996790051460266113
-1.847572803497314453
-0.361959755420684814
-3.639709711074829102
1.680318117141723633
-4.905119419097900390
-0.959181070327758789
-4.569827556610107422
0.297852873802185059
-3.811582565307617188
-3.903162717819213867
1.335752487182617188
-3.236937761306762695
0.514918029308319092
-3.693161725997924805
3.312983274459838867
-2.964126586914062500
1.745982766151428223
0.394797921180725098
-2.769688129425048828
2.407680988311767578
0.010442600585520267
-1.103006720542907715
-1.399650216102600098
0.322346806526184082
-2.308984279632568360
1.223420619964599609
-1.097639322280883789
-1.362670302391052246
0.834399223327636719
-1.898856282234191894
1.211704015731811524
-0.976562142372131348
0.687981903553009033
-3.502029418945312500
1.005934119224548340
-0.499276548624038696
-0.896271586418151856
-1.330424308776855469
-0.146181583404541016
-0.117211878299713135
-3.846605539321899414
1.913595199584960938
-3.521877527236938476
2.067081451416015625
-2.500890970230102539
0.442666798830032349
-0.696459352970123291
0.470518082380294800
-2.219327449798583984
1.417046189308166504
-5.316923618316650390
3.569479227066040039
-5.139451026916503906
-1.278240919113159180
-2.979284048080444336
-0.118060618638992310
-3.881828069686889648
0.339438796043395996
-3.985578298568725586
0.798233091831207275
1.282233834266662598
-3.697724342346191406
1.825942516326904297
-2.108140468597412109
-1.489377856254577637
0.139346897602081299
-0.353336125612258911
-3.288907051086425781
2.100018262863159180
-3.445854425430297852
0.299962192773818970
1.891230702400207520
-4.309186458587646484
2.231372594833374024
-0.667902112007141113
-2.180473566055297852
1.398651957511901856
-2.284808635711669922
-1.594931006431579590
-0.793929874897003174
-0.792073905467987061
-3.543032884597778320
7.502649784088134766
-5.717534065246582031
3.465745449066162110
-2.482558727264404297
-2.158463716506958008
-0.436016976833343506
-0.919576585292816162
-2.720303773880004883
-0.628457069396972656
0.444796144962310791
-2.074110269546508789
0.077068492770195007
-2.173867940902709961
-2.772400856018066406
0.711022734642028809
-1.733759880065917969
-0.823192417621612549
-0.336219310760498047
-0.238595545291900635
-0.479449629783630371
-0.909154236316680908
-0.848873674869537354
-0.245687678456306458
0.057279825210571289
-1.363939523696899414
1.771110415458679199
0.001000000047497451
0.001000000047497451
0.001000000047497451
0.001000000047497451
0.001000000047497451
0.001000000047497451
0.001000000047497451
0.001000000047497451
0.001000000047497451
0.001000000047497451
-0.447328895330429077
-0.447328895330429077
-0.447328895330429077
-0.447328895330429077
-0.447328895330429077
0.516106307506561279
-2.732600927352905274
-2.292871952056884766
-0.595204234123229980
-1.617349386215209961
-1.227622985839843750
1.269915699958801270
-1.580453038215637207
0.728162646293640137
-1.038482904434204102
-1.748387098312377930
-2.273546457290649414
-1.496377587318420410
-1.140042066574096680
-0.589816093444824219
-2.931651115417480469
-1.645447731018066406
0.586004257202148438
-1.335781455039978027
-0.988240003585815430
0.553580343723297119
-2.020207166671752930
2.123122692108154297
-2.112238407135009766
0.991842508316040039
-1.212304234504699707
-0.595308125019073486
-0.534021615982055664
-5.315149307250976562
0.182126894593238831
-2.534279823303222656
-3.586338043212890625
-2.336165189743041992
-1.207211136817932129
-2.674460649490356445
-0.707150757312774658
-1.542302608489990234
-2.442006826400756836
-3.361348867416381836
1.374076962471008301
-4.092308044433593750
2.071576833724975586
-1.711349248886108398
-1.806524991989135742
-0.040655624121427536
-2.313627719879150390
-1.013405203819274902
-1.229101061820983887
-0.666840612888336182
-2.205824375152587891
-0.048467230051755905
0.555849492549896240
-5.577835559844970703
6.403021812438964844
-0.683154642581939697
-0.596953988075256348
1.586764097213745117
-1.435911059379577637
-0.540673077106475830
-0.966909408569335938
-2.020563602447509766
5.123448371887207031
-2.051317691802978516
0.730030715465545654
2.194711446762084961
0.358659774065017700
1.706783294677734375
-0.100602321326732636
-0.301106542348861694
3.875368118286132812
-3.600796461105346680
6.183543205261230469
-3.161847352981567383
5.137339115142822266
-2.893804311752319336
0.587036311626434326
0.833490073680877686
-1.790053963661193848
2.001457214355468750
-1.854907035827636719
1.857269406318664551
-5.446063518524169922
5.875546932220458984
-3.673745870590209961
3.814030170440673828
-2.411092281341552734
1.095471978187561035
-1.133455038070678711
-1.007151126861572266
0.223921090364456177
0.139574050903320312
0.915388405323028564
-2.262153148651123047
3.556573152542114258
-2.223743438720703125
2.936073541641235352
0.523737311363220215
-0.112251728773117065
0.837128818035125732
-0.794232904911041260
1.939888477325439453
-2.242556571960449219
1.573674321174621582
-0.812968730926513672
1.866735219955444336
0.024222657084465027
0.417712599039077759
1.092180848121643066
-3.329877138137817383
2.841813325881958008
-0.830195069313049316
2.083425998687744141
-1.828340172767639160
0.872878789901733398
-1.184180259704589844
-0.050424862653017044
-0.315690219402313232
0.153416216373443604
0.472666025161743164
-1.716675281524658203
0.869013190269470215
0.117181822657585144
-0.800494492053985596
0.815165817737579346
-0.666656017303466797
0.239307329058647156
-1.227156758308410644
0.533888697624206543
0.690354883670806885
0.001000000047497451
0.001000000047497451
0.001000000047497451
0.001000000047497451
0.001000000047497451
0.001000000047497451
0.001000000047497451
0.001000000047497451
0.001000000047497451
0.001000000047497451
0.043809227645397186
0.043809227645397186
0.043809227645397186
0.043809227645397186
0.043809227645397186
-0.488843023777008057
-0.755000531673431396
-0.889698982238769531
-0.756258070468902588
-1.387281298637390137
-0.919454336166381836
-2.058680772781372070
-0.028137305751442909
-1.603991150856018066
0.409637093544006348
0.072271607816219330
0.509850680828094482
0.025289827957749367
0.255522042512893677
0.214749813079833984
0.593618273735046387
1.057942628860473633
-1.711608767509460449
2.008322238922119141
-2.721498727798461914
2.770648956298828125
-1.718269228935241699
0.941401898860931396
-0.198936194181442261
-0.542454302310943604
1.018486618995666504
-0.938199996948242188
1.168701410293579102
-1.906271338462829590
1.679103016853332520
0.018608694896101952
-0.551277995109558105
1.644250750541687012
-1.760417342185974121
1.660037755966186524
-1.046486496925354004
0.919351398944854736
-0.983494400978088379
0.540523767471313477
-0.576953768730163574
0.119924120604991913
-0.263784021139144897
-1.831622123718261719
1.143181204795837402
-2.010771751403808594
1.031235098838806152
-2.119167566299438476
0.783436179161071777
-2.670276641845703125
-0.552919209003448486
-3.652210235595703125
-0.141142055392265320
-0.095696792006492615
-5.102418422698974610
0.490785837173461914
-5.535816192626953125
0.402675330638885498
-5.104105472564697266
0.585757195949554443
-4.555724620819091797
-0.045649372041225433
-2.820983886718750000
-0.500288128852844238
1.057190179824829102
-0.598579645156860352
0.436620503664016724
0.332650333642959595
0.071503430604934692
-0.067928940057754517
-0.131378933787345886
-1.402013540267944336
1.330390572547912598
-2.070790767669677734
1.589806914329528809
-0.722095549106597900
0.524700224399566650
-0.318412214517593384
0.218191757798194885
0.773413419723510742
-1.353012084960937500
1.823906302452087402
-1.892640709877014160
1.915028691291809082
-1.592204570770263672
2.462967872619628906
-1.764121413230895996
1.560684084892272949
-0.686435818672180176
0.366494685411453247
-0.061453517526388168
-0.308116465806961060
0.396786600351333618
-0.991302669048309326
0.581615626811981201
-1.980731606483459473
1.916597723960876465
-1.785516023635864258
0.898929297924041748
-0.632279455661773682
-0.780401468276977539
-0.687373161315917969
0.327986091375350952
-0.324685275554656982
-0.821407794952392578
-0.022475369274616241
-1.465107202529907226
0.479055404663085938
-1.717931151390075684
0.416908532381057739
-1.115301728248596191
-0.003941742703318596
-0.762338817119598389
1.297006964683532715
-0.722178936004638672
0.092323131859302521
0.361793518066406250
-0.016095010563731194
0.139509752392768860
1.071810603141784668
-0.616867303848266602
0.693326830863952637
-0.398642629384994507
0.698670923709869385
-0.094004981219768524
-0.279539018869400024
-0.104569830000400543
-1.334265828132629394
0.285807907581329346
2.175770044326782226
0.001000000047497451
0.001000000047497451
0.001000000047497451
0.001000000047497451
0.001000000047497451
0.001000000047497451
0.001000000047497451
0.001000000047497451
0.001000000047497451
0.001000000047497451
0.485932648181915283
0.485932648181915283
0.485932648181915283
0.485932648181915283
0.485932648181915283
1.389343380928039551
-2.027408599853515625
0.501658022403717041
-1.346057772636413574
-1.059854865074157715
-0.691290915012359619
-1.208051681518554688
-0.977199375629425049
-0.338653445243835449
-1.700170278549194336
0.226649925112724304
-1.370641946792602539
-0.850540339946746826
-0.926883399486541748
-1.587179303169250488
-1.280766963958740234
-1.344148278236389160
-0.390019774436950684
-2.274924516677856445
1.152810573577880859
-3.304483890533447266
2.451499700546264648
-3.050131559371948242
0.266432464122772217
-1.968768715858459473
-0.007094081025570631
-1.609205365180969238
-0.716106474399566650
-0.681770384311676025
-2.195255041122436524
2.306932687759399414
-3.340136289596557617
1.335911750793457031
-0.233081936836242676
-0.098578721284866333
-0.175510197877883911
-0.643921852111816406
1.083696007728576660
-1.261031627655029297
1.144091725349426270
-0.665012359619140625
-0.962572216987609863
0.336445629596710205
0.765076398849487305
-1.335569620132446289
0.967264354228973389
-1.184225320816040039
0.854907274246215820
-0.897971570491790772
0.825982213020324707
-1.192778110504150391
0.746913731098175049
-0.220050901174545288
-0.008219651877880096
0.974085867404937744
-1.475529789924621582
1.162079334259033203
-1.183705091476440430
1.030222296714782715
-1.159428238868713379
1.215249061584472656
-0.977418780326843262
1.781119465827941894
1.007122159004211426
0.240749329328536987
1.351275086402893066
-1.249444723129272461
1.252085924148559570
-0.962934792041778564
0.702881157398223877
-1.078328609466552734
-0.211294740438461304
0.696030855178833008
-1.541796326637268066
1.429317593574523926
-1.694811224937438965
0.832970261573791504
-3.099421262741088867
1.044907212257385254
-1.848538637161254883
-0.209209725260734558
-1.328356146812438965
-0.795230984687805176
1.122777462005615234
-3.009841203689575195
3.273956298828125000
-3.962396860122680664
0.157174542546272278
-1.999999761581420898
0.338813930749893188
-2.523608684539794922
0.375678956508636475
-1.795401692390441894
-0.816365361213684082
0.825383424758911133
-2.887766361236572266
0.715217173099517822
-0.892017304897308350
-0.753150999546051025
-0.300910621881484985
-0.573628723621368408
-1.741596937179565430
0.555034279823303223
-1.330515503883361816
1.525499701499938965
-0.782018780708312988
1.086102604866027832
-1.031233668327331543
1.563272595405578613
-1.200344800949096680
1.492954134941101074
-0.772961795330047607
0.323400557041168213
-0.678579926490783691
-0.526611864566802978
0.227335408329963684
-0.574127137660980225
0.506020009517669678
-2.196786403656005859
1.999186396598815918
-2.115207433700561524
1.069554090499877930
-1.032753467559814453
0.223722845315933228
-0.359303027391433716
-0.369303166866302490
0.298631399869918823
-0.136997371912002563
1.319660067558288574
0.001000000047497451
0.001000000047497451
0.001000000047497451
0.001000000047497451
0.001000000047497451
0.001000000047497451
0.001000000047497451
0.001000000047497451
0.001000000047497451
0.001000000047497451
-2.905908584594726562
-2.905908584594726562
-2.905908584594726562
-2.905908584594726562
-2.905908584594726562
2.222979068756103516
-1.899110794067382812
0.020582169294357300
0.478170931339263916
0.200073182582855225
1.110423922538757324
0.155771359801292419
0.906104326248168945
-0.093336790800094604
0.644983530044555664
0.248474001884460449
-0.304759263992309570
1.096630215644836426
0.516338169574737549
0.462103754281997681
0.595856308937072754
1.634449243545532226
-1.411204338073730469
2.350188493728637695
-0.386922508478164673
1.357101440429687500
-0.066679976880550385
1.059659361839294434
0.984124720096588135
0.281634002923965454
1.756673455238342285
-0.593411505222320557
2.330500841140747070
-1.852342009544372559
2.812550783157348633
-0.577884852886199951
2.332174777984619140
0.654071331024169922
0.867443859577178955
1.381929636001586914
-0.647347629070281982
0.592060863971710205
-1.274981260299682617
1.054100036621093750
-1.367656946182250976
1.441112279891967774
-2.842467069625854492
3.670702457427978516
-0.665828764438629150
1.863638043403625488
-0.281362324953079224
1.733726739883422852
-0.322727054357528687
1.841819047927856445
-1.866801381111145020
-1.052614092826843262
1.727884769439697266
-2.588483572006225586
3.181759357452392578
0.066398113965988159
1.368113756179809570
-0.758315861225128174
1.213804364204406738
0.636059582233428955
-0.914309561252593994
1.736805677413940430
-2.060621976852416992
2.177537441253662109
-0.096545018255710602
0.248763799667358398
0.712223172187805176
1.729336977005004883
-0.296282202005386353
0.039134193211793900
1.816552996635437012
-2.356248617172241211
4.146909713745117188
-3.905365943908691406
4.051117897033691406
-1.400560855865478516
1.680243492126464844
-0.498746454715728760
1.409469723701477051
-0.513083755970001221
0.573606848716735840
-0.017234046012163162
-2.093796730041503906
2.114305257797241211
-1.822852969169616699
0.859014451503753662
0.310345768928527832
0.572342991828918457
-0.802303850650787354
1.517977118492126465
-1.864478945732116699
1.788776159286499024
-1.968927383422851562
-0.077025331556797028
0.036410238593816757
0.400151550769805908
-2.230350255966186524
1.598903894424438476
-1.618604183197021484
0.112840220332145691
0.980830907821655273
-1.915233969688415527
-0.249205797910690308
-0.055839888751506805
-3.134230852127075195
-0.153206884860992432
-1.830324053764343262
0.332470238208770752
-0.374911278486251831
1.606076955795288086
-2.889550447463989258
2.351722955703735352
-3.038987398147583008
1.913434386253356934
-1.845779299736022949
0.180538177490234375
0.671482622623443604
-0.294600248336791992
2.077528476715087891
-1.584353685379028320
3.972392082214355469
-1.572408795356750488
2.941130161285400390
-1.265368938446044922
1.129613041877746582
0.119638472795486450
-0.814999520778656006
2.491567850112915039
-1.706445693969726562
3.623992681503295898
0.001000000047497451
0.001000000047497451
0.001000000047497451
0.001000000047497451
0.001000000047497451
0.001000000047497451
0.001000000047497451
0.001000000047497451
0.001000000047497451
0.001000000047497451
0.001000000047497451
0.001000000047497451
0.001000000047497451
0.001000000047497451
0.001000000047497451
0.437152951955795288
-0.297100096940994263
-0.199778869748115540
-0.061560712754726410
-0.513538956642150879
-0.142597779631614685
-0.689702153205871582
0.167812675237655640
-0.757289171218872070
0.353633254766464233
-0.027284445241093636
-0.237379744648933411
0.118539750576019287
-0.282273709774017334
-0.041419602930545807
-0.107817254960536957
0.083482809364795685
-0.421820670366287231
0.179529294371604919
-0.433666646480560303
0.055055003613233566
-0.139423683285713196
-0.088016755878925323
-0.144022420048713684
-0.340626746416091919
0.012478705495595932
-0.351102083921432495
0.026541646569967270
-0.257563054561614990
-0.000527421827428043
0.553541421890258789
-0.447817355394363403
0.295523047447204590
0.166595056653022766
0.274874955415725708
-0.111468374729156494
-0.025659978389739990
0.168842643499374390
-0.156096398830413818
0.705706536769866943
-0.428563237190246582
0.294690907001495361
-0.425915539264678955
0.286443084478378296
-0.313616722822189331
0.351933270692825317
-0.394285082817077637
0.300783932209014893
-0.163927897810935974
-0.165047571063041687
-0.298784703016281128
-0.216842353343963623
-0.089897423982620239
-0.732025086879730225
0.206051900982856750
-1.011381268501281738
0.408758819103240967
-0.552782952785491943
0.318308711051940918
-0.092737227678298950
-0.157635226845741272
0.099505603313446045
-0.073972575366497040
0.375057905912399292
0.152872309088706970
0.366819649934768677
-0.345484554767608643
0.206979602575302124
0.000807920121587813
-0.133555188775062561
-0.231107980012893677
0.135779827833175659
0.164343148469924927
0.017014328390359879
0.390702605247497559
-0.171264067292213440
0.393456906080245972
-0.401759564876556396
0.187124714255332947
-0.013284160755574703
0.101370655000209808
0.013070017099380493
-0.133715838193893433
0.221296891570091248
-0.290581166744232178
0.582257151603698730
-0.441341221332550049
0.235256701707839966
-0.250184684991836548
0.256043732166290283
-0.219620257616043091
0.013872388750314713
-0.110008463263511658
-0.159710347652435303
0.091299638152122498
-0.353652298450469971
0.107216894626617432
-0.159762308001518250
0.079357787966728210
-0.244647294282913208
-0.070213876664638519
0.086893722414970398
0.067780792713165283
-0.194579571485519409
0.070821225643157959
-0.067903392016887665
0.148295730352401733
-0.151757434010505676
0.136754915118217468
-0.135128706693649292
0.229010269045829773
-0.079069182276725769
0.203982993960380554
-0.036858841776847839
-0.072971440851688385
0.312517046928405762
-0.004700026474893093
0.142438858747482300
-0.092524677515029907
0.339332520961761475
-0.076464131474494934
0.137069642543792725
-0.045072197914123535
-0.154665321111679077
0.219572588801383972
0.033251240849494934
-0.137266412377357483
0.089538961648941040
-1.659008026123046875
0.001000000047497451
0.001000000047497451
0.001000000047497451
0.001000000047497451
0.001000000047497451
0.001000000047497451
0.001000000047497451
0.001000000047497451
0.001000000047497451
0.001000000047497451
0.001000000047497451
0.001000000047497451
0.001000000047497451
0.001000000047497451
0.001000000047497451
0.437152951955795288
-0.297100096940994263
-0.199778869748115540
-0.061560712754726410
-0.513538956642150879
-0.142597779631614685
-0.689702153205871582
0.167812675237655640
-0.757289171218872070
0.353633254766464233
-0.027284445241093636
-0.237379744648933411
0.118539750576019287
-0.282273709774017334
-0.041419602930545807
-0.107817254960536957
0.083482809364795685
-0.421820670366287231
0.179529294371604919
-0.433666646480560303
0.055055003613233566
-0.139423683285713196
-0.088016755878925323
-0.144022420048713684
-0.340626746416091919
0.012478705495595932
-0.351102083921432495
0.026541646569967270
-0.257563054561614990
-0.000527421827428043
0.553541421890258789
-0.447817355394363403
0.295523047447204590
0.166595056653022766
0.274874955415725708
-0.111468374729156494
-0.025659978389739990
0.168842643499374390
-0.156096398830413818
0.705706536769866943
-0.428563237190246582
0.294690907001495361
-0.425915539264678955
0.286443084478378296
-0.313616722822189331
0.351933270692825317
-0.394285082817077637
0.300783932209014893
-0.163927897810935974
-0.165047571063041687
-0.298784703016281128
-0.216842353343963623
-0.089897423982620239
-0.732025086879730225
0.206051900982856750
-1.011381268501281738
0.408758819103240967
-0.552782952785491943
0.318308711051940918
-0.092737227678298950
-0.157635226845741272
0.099505603313446045
-0.073972575366497040
0.375057905912399292
0.152872309088706970
0.366819649934768677
-0.345484554767608643
0.206979602575302124
0.000807920121587813
-0.133555188775062561
-0.231107980012893677
0.135779827833175659
0.164343148469924927
0.017014328390359879
0.390702605247497559
-0.171264067292213440
0.393456906080245972
-0.401759564876556396
0.187124714255332947
-0.013284160755574703
0.101370655000209808
0.013070017099380493
-0.133715838193893433
0.221296891570091248
-0.290581166744232178
0.582257151603698730
-0.441341221332550049
0.235256701707839966
-0.250184684991836548
0.256043732166290283
-0.219620257616043091
0.013872388750314713
-0.110008463263511658
-0.159710347652435303
0.091299638152122498
-0.353652298450469971
0.107216894626617432
-0.159762308001518250
0.079357787966728210
-0.244647294282913208
-0.070213876664638519
0.086893722414970398
0.067780792713165283
-0.194579571485519409
0.070821225643157959
-0.067903392016887665
0.148295730352401733
-0.151757434010505676
0.136754915118217468
-0.135128706693649292
0.229010269045829773
-0.079069182276725769
0.203982993960380554
-0.036858841776847839
-0.072971440851688385
0.312517046928405762
-0.004700026474893093
0.142438858747482300
-0.092524677515029907
0.339332520961761475
-0.076464131474494934
0.137069642543792725
-0.045072197914123535
-0.154665321111679077
0.219572588801383972
0.033251240849494934
-0.137266412377357483
0.089538961648941040
-1.659008026123046875
0.001000000047497451
0.001000000047497451
0.001000000047497451
0.001000000047497451
0.001000000047497451
0.001000000047497451
0.001000000047497451
0.001000000047497451
0.001000000047497451
0.001000000047497451
0.001000000047497451
0.001000000047497451
0.001000000047497451
0.001000000047497451
0.001000000047497451
0.437152951955795288
-0.297100096940994263
-0.199778869748115540
-0.061560712754726410
-0.513538956642150879
-0.142597779631614685
-0.689702153205871582
0.167812675237655640
-0.757289171218872070
0.353633254766464233
-0.027284445241093636
-0.237379744648933411
0.118539750576019287
-0.282273709774017334
-0.041419602930545807
-0.107817254960536957
0.083482809364795685
-0.421820670366287231
0.179529294371604919
-0.433666646480560303
0.055055003613233566
-0.139423683285713196
-0.088016755878925323
-0.144022420048713684
-0.340626746416091919
0.012478705495595932
-0.351102083921432495
0.026541646569967270
-0.257563054561614990
-0.000527421827428043
0.553541421890258789
-0.447817355394363403
0.295523047447204590
0.166595056653022766
0.274874955415725708
-0.111468374729156494
-0.025659978389739990
0.168842643499374390
-0.156096398830413818
0.705706536769866943
-0.428563237190246582
0.294690907001495361
-0.425915539264678955
0.286443084478378296
-0.313616722822189331
0.351933270692825317
-0.394285082817077637
0.300783932209014893
-0.163927897810935974
-0.165047571063041687
-0.298784703016281128
-0.216842353343963623
-0.089897423982620239
-0.732025086879730225
0.206051900982856750
-1.011381268501281738
0.408758819103240967
-0.552782952785491943
0.318308711051940918
-0.092737227678298950
-0.157635226845741272
0.099505603313446045
-0.073972575366497040
0.375057905912399292
0.152872309088706970
0.366819649934768677
-0.345484554767608643
0.206979602575302124
0.000807920121587813
-0.133555188775062561
-0.231107980012893677
0.135779827833175659
0.164343148469924927
0.017014328390359879
0.390702605247497559
-0.171264067292213440
0.393456906080245972
-0.401759564876556396
0.187124714255332947
-0.013284160755574703
0.101370655000209808
0.013070017099380493
-0.133715838193893433
0.221296891570091248
-0.290581166744232178
0.582257151603698730
-0.441341221332550049
0.235256701707839966
-0.250184684991836548
0.256043732166290283
-0.219620257616043091
0.013872388750314713
-0.110008463263511658
-0.159710347652435303
0.091299638152122498
-0.353652298450469971
0.107216894626617432
-0.159762308001518250
0.079357787966728210
-0.244647294282913208
-0.070213876664638519
0.086893722414970398
0.067780792713165283
-0.194579571485519409
0.070821225643157959
-0.067903392016887665
0.148295730352401733
-0.151757434010505676
0.136754915118217468
-0.135128706693649292
0.229010269045829773
-0.079069182276725769
0.203982993960380554
-0.036858841776847839
-0.072971440851688385
0.312517046928405762
-0.004700026474893093
0.142438858747482300
-0.092524677515029907
0.339332520961761475
-0.076464131474494934
0.137069642543792725
-0.045072197914123535
-0.154665321111679077
0.219572588801383972
0.033251240849494934
-0.137266412377357483
0.089538961648941040
-1.659008026123046875
0.001000000047497451
0.001000000047497451
0.001000000047497451
0.001000000047497451
0.001000000047497451
0.001000000047497451
0.001000000047497451
0.001000000047497451
0.001000000047497451
0.001000000047497451
0.001000000047497451
0.001000000047497451
0.001000000047497451
0.001000000047497451
0.001000000047497451
0.437152951955795288
-0.297100096940994263
-0.199778869748115540
-0.061560712754726410
-0.513538956642150879
-0.142597779631614685
-0.689702153205871582
0.167812675237655640
-0.757289171218872070
0.353633254766464233
-0.027284445241093636
-0.237379744648933411
0.118539750576019287
-0.282273709774017334
-0.041419602930545807
-0.107817254960536957
0.083482809364795685
-0.421820670366287231
0.179529294371604919
-0.433666646480560303
0.055055003613233566
-0.139423683285713196
-0.088016755878925323
-0.144022420048713684
-0.340626746416091919
0.012478705495595932
-0.351102083921432495
0.026541646569967270
-0.257563054561614990
-0.000527421827428043
0.553541421890258789
-0.447817355394363403
0.295523047447204590
0.166595056653022766
0.274874955415725708
-0.111468374729156494
-0.025659978389739990
0.168842643499374390
-0.156096398830413818
0.705706536769866943
-0.428563237190246582
0.294690907001495361
-0.425915539264678955
0.286443084478378296
-0.313616722822189331
0.351933270692825317
-0.394285082817077637
0.300783932209014893
-0.163927897810935974
-0.165047571063041687
-0.298784703016281128
-0.216842353343963623
-0.089897423982620239
-0.732025086879730225
0.206051900982856750
-1.011381268501281738
0.408758819103240967
-0.552782952785491943
0.318308711051940918
-0.092737227678298950
-0.157635226845741272
0.099505603313446045
-0.073972575366497040
0.375057905912399292
0.152872309088706970
0.366819649934768677
-0.345484554767608643
0.206979602575302124
0.000807920121587813
-0.133555188775062561
-0.231107980012893677
0.135779827833175659
0.164343148469924927
0.017014328390359879
0.390702605247497559
-0.171264067292213440
0.393456906080245972
-0.401759564876556396
0.187124714255332947
-0.013284160755574703
0.101370655000209808
0.013070017099380493
-0.133715838193893433
0.221296891570091248
-0.290581166744232178
0.582257151603698730
-0.441341221332550049
0.235256701707839966
-0.250184684991836548
0.256043732166290283
-0.219620257616043091
0.013872388750314713
-0.110008463263511658
-0.159710347652435303
0.091299638152122498
-0.353652298450469971
0.107216894626617432
-0.159762308001518250
0.079357787966728210
-0.244647294282913208
-0.070213876664638519
0.086893722414970398
0.067780792713165283
-0.194579571485519409
0.070821225643157959
-0.067903392016887665
0.148295730352401733
-0.151757434010505676
0.136754915118217468
-0.135128706693649292
0.229010269045829773
-0.079069182276725769
0.203982993960380554
-0.036858841776847839
-0.072971440851688385
0.312517046928405762
-0.004700026474893093
0.142438858747482300
-0.092524677515029907
0.339332520961761475
-0.076464131474494934
0.137069642543792725
-0.045072197914123535
-0.154665321111679077
0.219572588801383972
0.033251240849494934
-0.137266412377357483
0.089538961648941040
-1.659008026123046875
0.001000000047497451
0.001000000047497451
0.001000000047497451
0.001000000047497451
0.001000000047497451
0.001000000047497451
0.001000000047497451
0.001000000047497451
0.001000000047497451
0.001000000047497451
0.001000000047497451
0.001000000047497451
0.001000000047497451
0.001000000047497451
0.001000000047497451
0.437152951955795288
-0.297100096940994263
-0.199778869748115540
-0.061560712754726410
-0.513538956642150879
-0.142597779631614685
-0.689702153205871582
0.167812675237655640
-0.757289171218872070
0.353633254766464233
-0.027284445241093636
-0.237379744648933411
0.118539750576019287
-0.282273709774017334
-0.041419602930545807
-0.107817254960536957
0.083482809364795685
-0.421820670366287231
0.179529294371604919
-0.433666646480560303
0.055055003613233566
-0.139423683285713196
-0.088016755878925323
-0.144022420048713684
-0.340626746416091919
0.012478705495595932
-0.351102083921432495
0.026541646569967270
-0.257563054561614990
-0.000527421827428043
0.553541421890258789
-0.447817355394363403
0.295523047447204590
0.166595056653022766
0.274874955415725708
-0.111468374729156494
-0.025659978389739990
0.168842643499374390
-0.156096398830413818
0.705706536769866943
-0.428563237190246582
0.294690907001495361
-0.425915539264678955
0.286443084478378296
-0.313616722822189331
0.351933270692825317
-0.394285082817077637
0.300783932209014893
-0.163927897810935974
-0.165047571063041687
-0.298784703016281128
-0.216842353343963623
-0.089897423982620239
-0.732025086879730225
0.206051900982856750
-1.011381268501281738
0.408758819103240967
-0.552782952785491943
0.318308711051940918
-0.092737227678298950
-0.157635226845741272
0.099505603313446045
-0.073972575366497040
0.375057905912399292
0.152872309088706970
0.366819649934768677
-0.345484554767608643
0.206979602575302124
0.000807920121587813
-0.133555188775062561
-0.231107980012893677
0.135779827833175659
0.164343148469924927
0.017014328390359879
0.390702605247497559
-0.171264067292213440
0.393456906080245972
-0.401759564876556396
0.187124714255332947
-0.013284160755574703
0.101370655000209808
0.013070017099380493
-0.133715838193893433
0.221296891570091248
-0.290581166744232178
0.582257151603698730
-0.441341221332550049
0.235256701707839966
-0.250184684991836548
0.256043732166290283
-0.219620257616043091
0.013872388750314713
-0.110008463263511658
-0.159710347652435303
0.091299638152122498
-0.353652298450469971
0.107216894626617432
-0.159762308001518250
0.079357787966728210
-0.244647294282913208
-0.070213876664638519
0.086893722414970398
0.067780792713165283
-0.194579571485519409
0.070821225643157959
-0.067903392016887665
0.148295730352401733
-0.151757434010505676
0.136754915118217468
-0.135128706693649292
0.229010269045829773
-0.079069182276725769
0.203982993960380554
-0.036858841776847839
-0.072971440851688385
0.312517046928405762
-0.004700026474893093
0.142438858747482300
-0.092524677515029907
0.339332520961761475
-0.076464131474494934
0.137069642543792725
-0.045072197914123535
-0.154665321111679077
0.219572588801383972
0.033251240849494934
-0.137266412377357483
0.089538961648941040
-1.659008026123046875
