2160.000000000000000000
0.001000000047497451
0.001000000047497451
0.001000000047497451
0.001000000047497451
0.001000000047497451
0.001000000047497451
0.001000000047497451
0.001000000047497451
0.001000000047497451
0.001000000047497451
-0.244029849767684937
-0.244029849767684937
-0.244029849767684937
-0.244029849767684937
-0.244029849767684937
-0.230968281626701355
0.363045185804367065
-0.756851017475128174
0.040556747466325760
-0.387072473764419556
0.344162940979003906
-0.651852011680603027
0.623314917087554932
-0.632667899131774902
0.473071575164794922
0.327965408563613892
-0.316520541906356812
0.461998820304870605
-0.576793730258941650
0.257958710193634033
-0.052688073366880417
0.332863628864288330
-0.919866085052490234
0.344357043504714966
0.008763258345425129
-0.977185010910034180
-0.014219585806131363
-0.989520370960235596
0.058731246739625931
-0.859381437301635742
-0.121342234313488007
-0.425856113433837891
-0.434787154197692871
1.336705446243286133
-0.744168102741241455
1.517450451850891113
-1.196687102317810059
0.476005047559738159
-0.523957312107086182
0.618568181991577148
-0.363489985466003418
0.249341726303100586
0.550355434417724609
-0.155522361397743225
1.640489101409912109
-0.983263731002807617
1.104186058044433594
-1.237163662910461426
0.617264509201049805
-0.372158557176589966
0.610927641391754150
-0.330710142850875854
0.116507343947887421
0.481529831886291504
-0.324314326047897339
1.554116129875183106
-1.688933968544006348
1.250873327255249024
-1.526658415794372559
-0.106182903051376343
-0.303755700588226318
-0.215834930539131165
0.658950805664062500
-0.466562360525131226
1.669088244438171387
-0.979805767536163330
0.458915323019027710
-1.025606036186218262
-0.277247577905654907
-0.294165492057800293
-0.229218885302543640
-0.402014315128326416
0.010341200046241283
-0.271320521831512451
-0.697126090526580811
0.618208825588226318
-1.300555348396301270
0.325449764728546143
-0.847585797309875488
0.053030706942081451
-0.571773827075958252
0.208100482821464539
-0.026186265051364899
-0.219013184309005737
-0.230684161186218262
0.368768721818923950
0.447152137756347656
-0.510810494422912598
-0.351908773183822632
-0.012714704498648643
0.522243857383728027
-0.756005764007568359
1.161033034324645996
-0.804826498031616211
1.147112965583801270
-0.832478761672973633
0.789659976959228516
-0.369055896997451782
0.324561715126037598
-0.076116733253002167
-0.231262192130088806
0.526928365230560303
-0.963012695312500000
0.944963037967681885
-0.964007198810577393
0.575228929519653320
-0.106702588498592377
0.325225025415420532
-0.291573435068130493
-0.352341532707214355
0.005474274046719074
-0.249341964721679688
0.694998025894165039
-0.450944453477859497
0.137899890542030334
-0.831528902053833008
0.364527910947799683
-0.594213664531707764
0.291212409734725952
-0.043844576925039291
0.162464767694473267
0.425423026084899902
-0.672539651393890381
0.289755702018737793
-0.265192627906799316
0.578382134437561035
-0.464653670787811279
0.221505329012870789
-0.624319672584533691
0.741244375705718994
0.404689610004425049
-0.268397092819213867
-0.092495895922183990
0.487502604722976685
0.001000000047497451
0.001000000047497451
0.001000000047497451
0.001000000047497451
0.001000000047497451
0.001000000047497451
0.001000000047497451
0.001000000047497451
0.001000000047497451
0.001000000047497451
-0.796271800994873047
-0.796271800994873047
-0.796271800994873047
-0.796271800994873047
-0.796271800994873047
0.957731008529663086
0.265491664409637451
0.490810453891754150
-0.256783276796340942
0.330831050872802734
-0.231725469231605530
0.836262106895446777
-0.806264162063598633
1.715356111526489258
-1.688389301300048828
0.925776660442352295
-0.474346697330474854
0.381303042173385620
-0.276126414537429810
-0.402006179094314575
0.181389570236206055
-0.674574673175811768
1.737686753273010254
-1.572836756706237793
2.072934865951538086
-1.525518536567687988
0.674397408962249756
-0.143099382519721985
0.288829445838928223
0.623132646083831787
-0.160597577691078186
0.746093869209289551
-0.851991415023803711
1.206366062164306641
-0.245871812105178833
-0.000273505196673796
0.053831916302442551
-0.760327577590942383
-0.870672643184661865
-0.346937477588653564
-1.070062875747680664
-0.053474992513656616
-0.788616478443145752
0.108048282563686371
-0.508742451667785645
-0.095808222889900208
0.260309040546417236
-0.263653248548507690
0.332790762186050415
-0.005577666684985161
0.426782846450805664
-0.124656476080417633
0.366195082664489746
-0.235210806131362915
0.419840455055236816
0.390451371669769287
-0.187863349914550781
0.212553620338439941
0.235806599259376526
0.413872361183166504
-0.017832895740866661
0.589337587356567383
-0.326372772455215454
0.636090695858001709
-0.111203916370868683
0.337390482425689697
0.516872346401214600
-0.145167753100395203
0.369685113430023193
-0.876093506813049316
0.035304021090269089
-1.045580983161926270
0.190368846058845520
-0.745231807231903076
0.326623976230621338
0.151368275284767151
0.520220458507537842
-0.398998081684112549
0.760930776596069336
-0.459751397371292114
0.585559427738189697
-0.218405753374099731
0.934069931507110596
-0.319292724132537842
0.526607632637023926
-0.155215710401535034
1.234324216842651367
-0.049659319221973419
-0.452624171972274780
0.649946510791778564
-1.028939366340637207
0.937134623527526856
-0.355041414499282837
0.622734963893890381
-0.342777669429779053
0.987317860126495361
-0.331305414438247681
0.846899867057800293
0.016714230179786682
-0.081062167882919312
0.895876169204711914
-0.367890357971191406
0.328687995672225952
-0.161557793617248535
0.677366256713867188
-0.193672880530357361
0.753291368484497070
-0.837538182735443115
0.916897892951965332
-0.411285400390625000
0.547812700271606445
-0.859779357910156250
0.154486373066902161
-0.391014724969863892
0.122750990092754364
-0.081362701952457428
-0.394246399402618408
0.233392730355262756
-0.433558017015457153
0.470325708389282227
-0.333706617355346680
-0.384880274534225464
0.149726226925849915
0.211242660880088806
-0.664363145828247070
0.451365530490875244
0.129969567060470581
0.005548056680709124
0.784482836723327637
-0.402609229087829590
0.212542653083801270
0.111832320690155029
-0.174730584025382996
1.396271347999572754
0.001000000047497451
0.001000000047497451
0.001000000047497451
0.001000000047497451
0.001000000047497451
0.001000000047497451
0.001000000047497451
0.001000000047497451
0.001000000047497451
0.001000000047497451
-1.174564361572265625
-1.174564361572265625
-1.174564361572265625
-1.174564361572265625
-1.174564361572265625
-2.127554178237915039
0.742798745632171631
0.153723463416099548
0.324197709560394287
0.717112839221954346
-0.319626927375793457
0.685816049575805664
-0.049794815480709076
0.809226155281066894
-0.346805393695831299
-0.419781535863876343
0.976526737213134766
-0.281106144189834595
0.916213631629943848
0.033513963222503662
0.700957715511322022
-0.244106486439704895
1.326534509658813476
-0.239667862653732300
0.094237439334392548
0.842542648315429688
-0.067667916417121887
0.725496232509613037
-0.004708858672529459
0.710905671119689941
0.172741577029228210
1.353001117706298828
0.228231787681579590
0.392061710357666016
0.868399322032928467
-0.286228895187377930
0.920835971832275391
-0.415305137634277344
1.162469267845153809
-0.617488741874694824
0.683427393436431885
-0.203094616532325745
0.349437892436981201
-0.618945121765136719
0.547794580459594727
-0.017972975969314575
-0.214434564113616943
0.526846408843994141
-0.746232986450195312
0.788160920143127441
-0.730068981647491455
1.379453659057617188
-0.678598225116729736
0.754425048828125000
-0.473398298025131226
1.562123179435729980
-0.702961146831512451
1.006776928901672363
-0.426308691501617432
-0.001128637813962996
1.507632732391357422
-1.141831874847412109
1.108060479164123535
-0.890099704265594482
-0.058866478502750397
-0.697215557098388672
0.715652048587799072
-0.025021966546773911
0.062200479209423065
0.481362551450729370
-0.416873753070831299
0.607310175895690918
-0.664197385311126709
0.344155311584472656
-0.860197782516479492
0.794916331768035889
-1.066169381141662598
0.951765954494476318
-1.372022747993469238
0.468038171529769897
-0.090437874197959900
-0.555892229080200195
0.379831016063690186
-0.531915903091430664
0.048068802803754807
-0.587306737899780273
0.283468872308731079
-0.475827008485794067
-0.139559611678123474
-0.201935112476348877
-0.693986594676971436
0.387820869684219360
-1.023380041122436523
0.269947767257690430
-1.156867027282714844
-0.131645053625106812
-0.015054962597787380
-1.207836985588073730
0.824024498462677002
-0.982366085052490234
0.747385203838348389
-0.175924241542816162
0.222396463155746460
0.022823335602879524
0.121149621903896332
0.527557730674743652
-0.159120738506317139
0.562513649463653564
-0.625767111778259277
0.828907430171966553
0.011732419952750206
0.144473046064376831
0.199919238686561584
0.111695781350135803
0.549571275711059570
0.189610511064529419
0.730348229408264160
-0.434144228696823120
0.839801132678985596
-0.204936161637306213
0.246128842234611511
0.085970550775527954
-0.058199536055326462
0.259089231491088867
-1.186009049415588379
-0.174196079373359680
-0.433754891157150269
0.132538124918937683
-0.059767618775367737
-0.519425392150878906
-0.053059075027704239
-0.665521979331970215
0.465553462505340576
1.904662966728210449
0.001000000047497451
0.001000000047497451
0.001000000047497451
0.001000000047497451
0.001000000047497451
0.001000000047497451
0.001000000047497451
0.001000000047497451
0.001000000047497451
0.001000000047497451
-0.600179135799407959
-0.600179135799407959
-0.600179135799407959
-0.600179135799407959
-0.600179135799407959
-1.446917295455932617
1.169335722923278809
-0.097067728638648987
0.804878890514373779
0.482283651828765869
0.543109893798828125
0.688188314437866211
0.217273712158203125
-0.724914789199829102
1.053537726402282715
-0.796140789985656738
0.175147712230682373
-0.405036747455596924
0.272141635417938232
-0.147718980908393860
-0.123367086052894592
-0.029414841905236244
-1.447656869888305664
0.906674623489379883
-1.225751280784606934
0.946569502353668213
-0.327012181282043457
0.041308473795652390
-0.325758546590805054
-0.190706565976142883
-0.491632103919982910
-0.678864359855651856
0.142911583185195923
-0.831940889358520508
0.087936356663703918
-0.924099385738372803
0.097079254686832428
0.227342829108238220
-0.532210409641265869
0.305029302835464478
0.139441996812820435
0.222571134567260742
-0.135328292846679688
0.049704503268003464
0.086256437003612518
0.026756219565868378
0.725716888904571533
-0.306179463863372803
0.466444551944732666
-0.052036732435226440
0.455927610397338867
-0.461723446846008301
0.584970355033874512
-0.242777079343795776
0.811945259571075439
0.392960876226425171
-0.208455115556716919
0.171044856309890747
0.360011309385299683
0.617139339447021484
0.201978132128715515
0.231195494532585144
0.266666173934936523
0.679623663425445557
0.234855294227600098
0.306389868259429932
-0.655775308609008789
-0.008814221248030663
0.130161195993423462
-2.805467367172241211
0.311771035194396973
-1.721368670463562012
0.197562634944915771
-1.332468867301940918
0.805163085460662842
-1.450664162635803223
0.202522963285446167
-0.260631203651428223
1.039273858070373535
0.317649304866790772
0.520041108131408691
0.220162644982337952
-0.163523942232131958
-0.176880210638046265
0.414414614439010620
-0.457639575004577637
-1.124920606613159180
0.860265672206878662
-0.531375765800476074
0.372439950704574585
-0.100100092589855194
0.197793498635292053
-0.080271087586879730
0.315314739942550659
-0.319040179252624512
0.536155760288238525
-0.665838122367858887
0.163043484091758728
0.139111161231994629
-0.232315093278884888
0.223979711532592773
0.077996782958507538
0.099500030279159546
-0.195957586169242859
0.984165370464324951
-0.533456444740295410
0.303362816572189331
0.289160966873168945
-0.022699730470776558
0.313375324010848999
-0.300853282213211060
1.041180491447448730
-0.028488827869296074
0.954103767871856689
-0.498117178678512573
0.886213481426239014
-0.610211670398712158
0.780623018741607666
-0.489471971988677978
0.273327261209487915
-0.263153821229934692
0.140829548239707947
0.014389796182513237
-0.607365012168884277
1.466572284698486328
-1.204164147377014160
0.680483102798461914
-0.568796694278717041
0.100091785192489624
-0.334404528141021728
-0.234764963388442993
0.179079443216323853
-0.509987354278564453
0.978866398334503174
0.001000000047497451
0.001000000047497451
0.001000000047497451
0.001000000047497451
0.001000000047497451
0.001000000047497451
0.001000000047497451
0.001000000047497451
0.001000000047497451
0.001000000047497451
-0.308916032314300537
-0.308916032314300537
-0.308916032314300537
-0.308916032314300537
-0.308916032314300537
-1.286323189735412598
0.935562193393707275
-0.664893567562103272
0.237697750329971313
0.183689698576927185
-0.266823142766952515
0.255937814712524414
0.156090527772903442
-0.446016341447830200
0.674884974956512451
-0.437891751527786255
-0.249191194772720337
0.683999061584472656
-0.482162535190582275
0.800839722156524658
-0.042065989226102829
0.754722237586975098
0.452706247568130493
0.556524455547332764
-0.133375599980354309
0.484795987606048584
-0.069469846785068512
0.183453038334846497
0.231744661927223206
-0.090298041701316834
0.432474464178085327
0.224106520414352417
0.677948594093322754
-0.339420855045318604
0.649403691291809082
-0.624208092689514160
0.903253972530364990
-0.210259497165679932
0.572514057159423828
0.202712446451187134
-0.244674235582351685
0.315191984176635742
-0.059940095990896225
0.349388420581817627
-0.188784077763557434
0.243092924356460571
-0.404544144868850708
0.723897159099578857
-0.474846392869949341
0.766413390636444092
-0.479174107313156128
0.600951135158538818
-0.465097486972808838
0.268101185560226440
0.009406321682035923
-0.621127307415008545
0.477024972438812256
-0.657916009426116943
0.235198318958282471
0.220179602503776550
-0.642790436744689941
0.577708303928375244
-0.419607907533645630
0.412202924489974976
-0.806991696357727051
0.565631926059722900
0.226010501384735107
-0.116546295583248138
0.843142569065093994
-0.514165103435516357
0.917788028717041016
-1.204410910606384277
1.414316296577453613
-1.043441891670227051
0.789340794086456299
-1.315999627113342285
1.157691359519958496
-0.255446583032608032
0.404656857252120972
0.926764369010925293
-0.969382643699645996
0.797039270401000977
-0.299342185258865356
0.085178770124912262
0.860422253608703613
-0.308708339929580688
1.559040307998657226
-1.164636850357055664
2.026653528213500976
-1.248183846473693848
0.705966114997863770
-0.868990778923034668
1.194274306297302246
-0.289502710103988647
0.435495823621749878
0.153857126832008362
-0.054787326604127884
0.665213584899902344
-0.581839978694915772
1.292314887046813965
-1.090292811393737793
0.415537565946578980
-0.387460917234420776
0.525087535381317139
0.000694092654157430
-0.120449617505073547
1.090514302253723144
-0.826962053775787354
0.477956324815750122
-0.699274241924285889
-0.095826216042041779
-0.546388506889343262
-0.237187922000885010
-1.714106202125549316
0.697499036788940430
-1.180937647819519043
0.497589886188507080
-1.272347569465637207
0.360024303197860718
-0.423988610506057739
-0.087446995079517364
0.245373874902725220
-0.514560401439666748
0.775525629520416260
-0.826230347156524658
0.620558083057403564
-0.520987331867218018
0.124154455959796906
-0.475382655858993530
0.190004512667655945
0.333059847354888916
-0.846873581409454346
0.566531181335449219
0.406535059213638306
0.001000000047497451
0.001000000047497451
0.001000000047497451
0.001000000047497451
0.001000000047497451
0.001000000047497451
0.001000000047497451
0.001000000047497451
0.001000000047497451
0.001000000047497451
-0.498789489269256592
-0.498789489269256592
-0.498789489269256592
-0.498789489269256592
-0.498789489269256592
0.217890501022338867
-0.190505981445312500
-0.356432944536209106
-0.511157274246215820
-1.088153600692749023
-0.055322334170341492
-0.388679891824722290
0.022974433377385139
-0.256576806306838989
0.151621147990226746
-0.215289399027824402
0.099367670714855194
-0.737567067146301270
-0.823637366294860840
-0.065673440694808960
-1.270943999290466309
-0.315515935420989990
-1.217764616012573242
0.068996883928775787
-0.920075178146362305
0.009175071492791176
-0.232187300920486450
-0.331843644380569458
-0.874695718288421631
0.458080172538757324
-1.515546917915344238
-0.978132903575897217
-1.181639194488525391
-0.227564498782157898
-0.942369759082794189
-1.675136685371398926
0.629337251186370850
-0.988374710083007812
0.070491276681423187
-1.225372195243835449
1.404144287109375000
-0.796270251274108887
0.713268756866455078
0.435349464416503906
-1.085536718368530273
1.276443719863891602
0.041109092533588409
-0.036185506731271744
-0.706312775611877441
0.647970259189605713
-0.871961891651153564
1.087838411331176758
-0.083067975938320160
-0.117983393371105194
0.516416132450103760
-0.082499146461486816
0.519440531730651855
0.005207174923270941
0.607584357261657715
-1.018910169601440430
0.324394971132278442
-0.374004900455474854
-0.140237912535667419
-0.738537251949310303
0.325015723705291748
-0.100530311465263367
-1.000063419342041016
0.861928224563598633
-1.165261983871459961
0.991954982280731201
-0.625157177448272705
0.698690354824066162
-0.173727706074714661
0.560466110706329346
-0.736917436122894287
0.803090751171112061
-2.058313846588134766
0.942210137844085693
-1.858974933624267578
-0.745573043823242188
-1.206685423851013184
-0.376949042081832886
-1.139035582542419434
0.193120121955871582
-1.584948658943176270
0.552879095077514648
-0.101188279688358307
-1.141522288322448730
0.730610013008117676
-0.590070664882659912
-0.840137183666229248
-0.099846310913562775
-0.324949949979782104
-1.252928853034973144
0.435911864042282104
-1.337360501289367676
0.099766992032527924
0.633959054946899414
-1.489366769790649414
0.952311277389526367
-0.386022061109542847
-0.921853899955749512
0.017160285264253616
-0.832764387130737305
-0.416773289442062378
-0.298744499683380127
-0.495185911655426025
-0.987093746662139893
2.256426095962524414
-1.914837360382080078
1.230185151100158691
-0.940561115741729736
-0.528058290481567383
-0.286002784967422485
-0.422038793563842773
-1.152738451957702637
-0.339292168617248535
-0.053930211812257767
-0.196051910519599915
0.234359040856361389
-1.139317631721496582
-0.526620745658874512
0.242341205477714539
-0.440840840339660645
-0.088497392833232880
0.129911065101623535
-0.210002124309539795
0.220286190509796143
-0.202949285507202148
0.055801846086978912
-0.223965287208557129
0.328010350465774536
-0.608686506748199463
0.723664462566375732
0.001000000047497451
0.001000000047497451
0.001000000047497451
0.001000000047497451
0.001000000047497451
0.001000000047497451
0.001000000047497451
0.001000000047497451
0.001000000047497451
0.001000000047497451
-0.262104511260986328
-0.262104511260986328
-0.262104511260986328
-0.262104511260986328
-0.262104511260986328
0.930304288864135742
-0.258946329355239868
0.035834055393934250
0.516413986682891846
-0.274574309587478638
0.391270965337753296
0.150706678628921509
-0.383931338787078857
0.167127445340156555
-0.322113871574401855
-0.297484219074249268
-0.630859136581420898
-0.532143294811248779
-0.348914206027984619
-0.304229140281677246
-0.875496149063110352
-0.218227878212928772
0.113035187125205994
-0.223087698221206665
-0.610428154468536377
0.731962144374847412
-0.340748637914657593
0.468182623386383057
-0.329691618680953980
0.211152970790863037
-0.036505490541458130
-0.209382891654968262
-0.023739647120237350
-1.468807816505432129
-0.408199101686477661
-0.634053707122802734
-0.421109616756439209
-0.583161115646362305
-0.293492525815963745
-0.684435963630676270
-0.153749883174896240
-0.665972828865051270
-0.654806971549987793
-0.908852934837341309
-0.177021533250808716
-1.093361496925354004
0.238579884171485901
-0.058052234351634979
-0.670309484004974365
0.207676932215690613
-0.878972411155700684
0.045432988554239273
-0.622795224189758301
-0.007876954972743988
-0.521658420562744141
-0.283780038356781006
0.533607006072998047
-1.474167704582214356
1.750455617904663086
-0.394789516925811768
-0.090409874916076660
0.334719121456146240
-0.335983365774154663
-0.435627698898315430
0.108410812914371490
-0.611598908901214600
1.687214374542236328
-0.941893339157104492
-0.180247440934181213
0.682727515697479248
-0.142600625753402710
0.797788321971893311
-0.118164382874965668
0.152669653296470642
1.260266900062561035
-1.232905149459838867
2.143074274063110352
-1.777374744415283203
2.227705955505371094
-0.459581285715103149
0.332457929849624634
0.434855103492736816
-0.511879384517669678
1.072876453399658203
-0.604811608791351318
0.756829261779785156
-1.962490677833557129
1.996950507164001465
-1.143256187438964844
1.316271185874938965
-0.496525257825851440
0.324857443571090698
-0.086896523833274841
-0.126463428139686584
0.058050598949193954
-0.112953484058380127
0.331892728805541992
-0.563952028751373291
0.846768200397491455
-0.946984589099884033
0.679123461246490478
0.201880082488059998
-0.103812739253044128
0.190746858716011047
-0.750056624412536621
0.821183800697326660
-1.547331094741821289
0.760007858276367188
-0.493291556835174561
0.645128607749938965
0.467992454767227173
-0.663309395313262939
0.832869946956634522
-0.995047748088836670
1.382538080215454102
-0.501343548297882080
0.485149830579757690
-0.334193885326385498
0.159685537219047546
-0.121606692671775818
-0.752496778964996338
0.234008491039276123
-0.290879964828491211
0.346788853406906128
-0.560761868953704834
-0.181391552090644836
-0.329988956451416016
-0.073335096240043640
0.351239949464797974
-0.829210877418518066
-0.159319013357162476
0.042093440890312195
0.374916225671768188
0.243020907044410706
0.001000000047497451
0.001000000047497451
0.001000000047497451
0.001000000047497451
0.001000000047497451
0.001000000047497451
0.001000000047497451
0.001000000047497451
0.001000000047497451
0.001000000047497451
-0.254109114408493042
-0.254109114408493042
-0.254109114408493042
-0.254109114408493042
-0.254109114408493042
0.316318124532699585
-0.746124446392059326
-0.318543672561645508
-0.767176985740661621
-0.751024425029754639
-0.552668809890747070
-1.129767894744873047
-0.009659604169428349
-0.294813692569732666
-0.207519695162773132
0.430567443370819092
0.266713052988052368
0.165914386510848999
0.233394220471382141
0.421134352684020996
0.052000515162944794
0.584753155708312988
0.068856962025165558
0.499206393957138062
-0.396638184785842896
0.559976637363433838
-0.261963695287704468
0.096834056079387665
0.382393330335617065
-0.268838495016098022
0.906108319759368896
-0.297566592693328857
1.102778434753417969
-0.719727575778961182
0.989751040935516357
0.072926662862300873
-0.303073018789291382
0.953198075294494629
-0.844360470771789551
0.868748068809509277
-0.731240272521972656
0.774377942085266113
-0.385352313518524170
0.373300284147262573
-0.463534981012344360
0.464877009391784668
-0.735071718692779541
-0.432728797197341919
0.375410258769989014
-1.499633431434631348
0.461020112037658691
-1.378999829292297363
0.193976223468780518
-1.256725192070007324
-0.058669701218605042
-1.799190759658813476
0.186023429036140442
0.096897296607494354
-1.595590829849243164
-0.132505372166633606
-1.793338418006896973
-0.364216893911361694
-1.776496529579162598
-0.349950253963470459
-1.564682364463806152
-0.125973522663116455
-1.228486418724060059
-0.159251958131790161
0.174565225839614868
0.779388844966888428
0.061103504151105881
1.207129240036010742
-0.155382692813873291
0.729102015495300293
-0.499646723270416260
0.395767986774444580
0.187642917037010193
-0.536046624183654785
0.081884577870368958
-0.452705621719360352
0.157856225967407227
-0.370434731245040894
0.238755568861961365
0.262853652238845825
-0.708939850330352783
0.803039610385894775
-0.553310871124267578
0.466010659933090210
-0.654104232788085938
0.792586326599121094
-0.740739822387695312
0.706955671310424805
-0.376915633678436279
0.480395823717117310
-0.263073116540908813
-0.182464852929115295
0.326206803321838379
-0.387713491916656494
0.147687047719955444
-0.751364767551422119
0.758957743644714356
-0.772472798824310303
0.458036661148071289
-0.281604021787643433
-0.526003777980804443
0.054796025156974792
0.183540925383567810
-0.152103364467620850
-0.267184525728225708
-0.005009731743484735
-0.287640124559402466
-0.052642267197370529
-0.466039836406707764
-0.029755115509033203
-0.119267269968986511
-0.196740284562110901
0.179785147309303284
0.221461921930313110
-0.070695094764232636
0.110845632851123810
0.135087713599205017
-0.000427547929575667
-0.152351379394531250
0.534262835979461670
-0.861874938011169434
0.712057530879974365
-0.451768606901168823
0.403129398822784424
-0.268850862979888916
0.156966209411621094
0.097201816737651825
-0.592305898666381836
0.339420437812805176
0.415457874536514282
0.001000000047497451
0.001000000047497451
0.001000000047497451
0.001000000047497451
0.001000000047497451
0.001000000047497451
0.001000000047497451
0.001000000047497451
0.001000000047497451
0.001000000047497451
-0.135980874300003052
-0.135980874300003052
-0.135980874300003052
-0.135980874300003052
-0.135980874300003052
0.255382090806961060
-0.846033394336700439
0.157117173075675964
-0.231277063488960266
-0.328887104988098145
-0.205839917063713074
-0.483043104410171509
-0.566618502140045166
-0.073098450899124146
-0.660935699939727783
0.389932692050933838
-0.830270469188690186
0.039289325475692749
-0.434440970420837402
-0.264802157878875732
-0.318159818649291992
-0.539140641689300537
-0.050879094749689102
-1.239913105964660644
0.876065850257873535
-1.621670484542846680
0.845653176307678223
-0.953492760658264160
0.212402671575546265
-0.907250702381134033
-0.026897037401795387
-0.451199442148208618
-0.428358465433120728
0.080873690545558929
-0.906234622001647949
1.085698008537292480
-1.209008336067199707
0.554921805858612061
0.168810382485389709
-0.045882865786552429
0.168829411268234253
-0.295987576246261597
0.136266574263572693
-0.037766784429550171
-0.255415230989456177
0.058111816644668579
-0.169486314058303833
-0.009153818711638451
0.525468230247497559
-0.685163080692291260
0.523948132991790772
-0.653662025928497314
0.592292070388793945
-0.571770548820495605
0.521400451660156250
-0.671426355838775635
0.510807991027832031
-0.127832531929016113
-0.147557958960533142
0.479902684688568115
-0.651886940002441406
0.726766943931579590
-0.375978022813796997
0.498220920562744141
-0.535179555416107178
0.519081830978393555
-0.087384380400180817
0.470564574003219604
0.325472116470336914
0.266058236360549927
0.425815105438232422
-0.713598072528839111
0.279341846704483032
0.170361787080764770
-0.151930734515190125
0.455539703369140625
-0.777010262012481689
1.074868798255920410
-1.423515439033508301
0.781947910785675049
-0.904262840747833252
0.401540935039520264
-1.230901837348937988
0.455193459987640381
-0.433868825435638428
-0.216789707541465759
-0.309783965349197388
-0.487985283136367798
0.563732564449310303
-1.248814582824707031
1.447996020317077637
-1.706426024436950684
0.097024112939834595
-1.018461227416992188
0.350801259279251099
-0.931084871292114258
0.020685205236077309
-0.528801560401916504
-0.457168251276016235
0.271925091743469238
-1.094865083694458008
0.186550602316856384
-0.195497110486030579
-0.344847559928894043
-0.189572364091873169
-0.236071497201919556
-0.544569373130798340
0.206922829151153564
-0.534899592399597168
0.646833539009094238
-0.420659303665161133
0.584008216857910156
-0.331683576107025146
0.585771620273590088
-0.397239089012145996
0.725552022457122803
-0.220411539077758789
0.206559419631958008
-0.122349575161933899
-0.252612292766571045
0.167221099138259888
-0.021369563415646553
0.029210641980171204
-0.677227616310119629
0.665181934833526611
-0.699385821819305420
0.251049518585205078
-0.382106095552444458
0.006759021431207657
-0.074812181293964386
-0.231836214661598206
0.128563657402992249
-0.038640059530735016
0.239833474159240723
0.001000000047497451
0.001000000047497451
0.001000000047497451
0.001000000047497451
0.001000000047497451
0.001000000047497451
0.001000000047497451
0.001000000047497451
0.001000000047497451
0.001000000047497451
-1.021261572837829590
-1.021261572837829590
-1.021261572837829590
-1.021261572837829590
-1.021261572837829590
1.225237846374511719
-0.940214693546295166
0.239780366420745850
0.224193170666694641
0.163930743932723999
0.553983986377716064
-0.354912877082824707
0.799150586128234863
-0.316363990306854248
0.337437659502029419
0.033277254551649094
-0.165075719356536865
0.405485033988952637
0.183194741606712341
-0.096249066293239594
0.262953162193298340
0.389705657958984375
-0.280341774225234985
0.593719661235809326
-0.224676743149757385
0.653557300567626953
0.035529594868421555
0.201661556959152222
0.626989722251892090
-0.014439812861382961
0.944919168949127197
-0.120619997382164001
0.887096703052520752
-0.801688253879547119
1.185535788536071777
-0.329263627529144287
1.360562443733215332
0.066302642226219177
0.616014420986175537
0.402488768100738525
-0.332568317651748657
0.165766343474388123
-0.608855366706848144
0.348722755908966064
-1.047861695289611816
0.291365593671798706
-1.484977602958679199
1.252278089523315430
-0.432059407234191895
0.404412180185317993
-0.374154955148696899
0.360326111316680908
-0.622916996479034424
0.614525437355041504
-1.012717127799987793
-0.735512435436248779
0.791660130023956299
-1.070435881614685059
1.133443236351013184
-0.517955422401428223
1.729881763458251953
-0.551733434200286865
1.131788969039916992
0.276256650686264038
-0.113011635839939117
0.841953992843627930
-0.905616641044616699
1.222061395645141602
-0.529148399829864502
1.275637149810791016
-0.343568444252014160
1.747716546058654785
-0.723028957843780518
0.707708120346069336
0.111688517034053802
-0.262637436389923096
1.135030746459960938
-0.946174323558807373
0.791962146759033203
-0.587862908840179443
0.604263246059417725
-0.232442989945411682
0.549050271511077881
-0.544420480728149414
0.340194761753082275
-0.429489314556121826
-0.214305460453033447
0.310527384281158447
-0.189646527171134949
-0.311249703168869019
0.582319378852844238
0.384990036487579346
-0.265542566776275635
0.690950512886047363
-0.418064206838607788
0.880992650985717773
-0.359377384185791016
0.156019225716590881
0.060044169425964355
0.361111849546432495
-0.758850693702697754
0.757076680660247803
-0.329416811466217041
0.162548556923866272
0.078526481986045837
-0.399613171815872192
-0.568562269210815430
0.236461922526359558
-1.325177431106567383
0.151997014880180359
-0.762156188488006592
0.092249542474746704
-0.049576386809349060
0.585710644721984863
-0.869477391242980957
0.643428206443786621
-0.669278025627136230
0.317868113517761230
-0.556829631328582764
-0.448801219463348389
0.832767605781555176
-0.483923971652984619
0.674882650375366211
-0.778075158596038818
1.023917198181152344
-0.407371282577514648
0.971900820732116699
-0.577912628650665283
0.316625654697418213
0.049349498003721237
-0.303968101739883423
0.958144068717956543
-0.602838873863220215
1.678544878959655762
0.001000000047497451
0.001000000047497451
0.001000000047497451
0.001000000047497451
0.001000000047497451
0.001000000047497451
0.001000000047497451
0.001000000047497451
0.001000000047497451
0.001000000047497451
0.001000000047497451
0.001000000047497451
0.001000000047497451
0.001000000047497451
0.001000000047497451
0.196567833423614502
-0.087510779500007629
0.075842432677745819
-0.068173818290233612
0.019410204142332077
-0.028035504743456841
-0.022982036694884300
-0.013678322546184063
-0.063278101384639740
0.089940369129180908
0.007593397051095963
0.068781368434429169
-0.026627387851476669
0.064214438199996948
0.000280023697996512
0.075382754206657410
0.018575448542833328
-0.053922824561595917
0.048204634338617325
0.000773372128605843
-0.039051640778779984
-0.039016906172037125
0.036828406155109406
-0.059733368456363678
-0.011507196351885796
-0.044784259051084518
0.004813262727111578
-0.035993535071611404
0.101489543914794922
-0.147576794028282166
0.204123377799987793
-0.179819747805595398
0.087853841483592987
0.013369091786444187
0.053069971501827240
0.069592736661434174
0.014732429757714272
0.120404258370399475
0.014572608284652233
0.156903386116027832
-0.025754267349839211
0.105017140507698059
-0.062681511044502258
0.083526313304901123
-0.054865702986717224
0.087026067078113556
-0.103429690003395081
0.081428714096546173
-0.014934852719306946
0.040563493967056274
-0.062323316931724548
0.021602572873234749
0.002021961379796267
-0.057945426553487778
0.026215907186269760
-0.182944416999816895
0.090530678629875183
-0.088732376694679260
0.032099332660436630
0.083862222731113434
-0.018818736076354980
0.050993651151657104
-0.058648332953453064
0.028091730549931526
0.046676598489284515
0.034382198005914688
-0.013373874127864838
0.043405991047620773
0.084821403026580811
0.002284093992784619
0.079079449176788330
0.010395159013569355
0.076376006007194519
0.034338507801294327
0.023677513003349304
0.087180338799953461
0.026264688000082970
0.036224480718374252
0.061215706169605255
0.083936750888824463
0.045373599976301193
0.044745229184627533
0.021636137738823891
0.076573118567466736
0.038513295352458954
0.115513302385807037
-0.031067181378602982
0.095593892037868500
0.025856398046016693
0.115852698683738708
0.013473841361701488
0.035111662000417709
0.091292850673198700
-0.039078164845705032
0.078788295388221741
-0.027002921327948570
0.000323705258779228
0.070583201944828033
0.002028189133852720
0.029442911967635155
-0.001626637065783143
0.091873757541179657
0.019871227443218231
0.064333237707614899
0.026824409142136574
-0.002636480377987027
0.114312022924423218
-0.030797116458415985
0.087398581206798553
-0.015502396039664745
0.068815186619758606
0.026583235710859299
0.057405933737754822
0.033724438399076462
0.042491063475608826
0.055662468075752258
0.055829808115959167
0.024408241733908653
0.045469049364328384
0.121449612081050873
0.063903868198394775
-0.008907434530556202
0.082908958196640015
-0.028391474857926369
0.134509846568107605
0.030098903924226761
0.049064226448535919
0.057078059762716293
-1.077187538146972656
0.001000000047497451
0.001000000047497451
0.001000000047497451
0.001000000047497451
0.001000000047497451
0.001000000047497451
0.001000000047497451
0.001000000047497451
0.001000000047497451
0.001000000047497451
0.001000000047497451
0.001000000047497451
0.001000000047497451
0.001000000047497451
0.001000000047497451
0.196567833423614502
-0.087510779500007629
0.075842432677745819
-0.068173818290233612
0.019410204142332077
-0.028035504743456841
-0.022982036694884300
-0.013678322546184063
-0.063278101384639740
0.089940369129180908
0.007593397051095963
0.068781368434429169
-0.026627387851476669
0.064214438199996948
0.000280023697996512
0.075382754206657410
0.018575448542833328
-0.053922824561595917
0.048204634338617325
0.000773372128605843
-0.039051640778779984
-0.039016906172037125
0.036828406155109406
-0.059733368456363678
-0.011507196351885796
-0.044784259051084518
0.004813262727111578
-0.035993535071611404
0.101489543914794922
-0.147576794028282166
0.204123377799987793
-0.179819747805595398
0.087853841483592987
0.013369091786444187
0.053069971501827240
0.069592736661434174
0.014732429757714272
0.120404258370399475
0.014572608284652233
0.156903386116027832
-0.025754267349839211
0.105017140507698059
-0.062681511044502258
0.083526313304901123
-0.054865702986717224
0.087026067078113556
-0.103429690003395081
0.081428714096546173
-0.014934852719306946
0.040563493967056274
-0.062323316931724548
0.021602572873234749
0.002021961379796267
-0.057945426553487778
0.026215907186269760
-0.182944416999816895
0.090530678629875183
-0.088732376694679260
0.032099332660436630
0.083862222731113434
-0.018818736076354980
0.050993651151657104
-0.058648332953453064
0.028091730549931526
0.046676598489284515
0.034382198005914688
-0.013373874127864838
0.043405991047620773
0.084821403026580811
0.002284093992784619
0.079079449176788330
0.010395159013569355
0.076376006007194519
0.034338507801294327
0.023677513003349304
0.087180338799953461
0.026264688000082970
0.036224480718374252
0.061215706169605255
0.083936750888824463
0.045373599976301193
0.044745229184627533
0.021636137738823891
0.076573118567466736
0.038513295352458954
0.115513302385807037
-0.031067181378602982
0.095593892037868500
0.025856398046016693
0.115852698683738708
0.013473841361701488
0.035111662000417709
0.091292850673198700
-0.039078164845705032
0.078788295388221741
-0.027002921327948570
0.000323705258779228
0.070583201944828033
0.002028189133852720
0.029442911967635155
-0.001626637065783143
0.091873757541179657
0.019871227443218231
0.064333237707614899
0.026824409142136574
-0.002636480377987027
0.114312022924423218
-0.030797116458415985
0.087398581206798553
-0.015502396039664745
0.068815186619758606
0.026583235710859299
0.057405933737754822
0.033724438399076462
0.042491063475608826
0.055662468075752258
0.055829808115959167
0.024408241733908653
0.045469049364328384
0.121449612081050873
0.063903868198394775
-0.008907434530556202
0.082908958196640015
-0.028391474857926369
0.134509846568107605
0.030098903924226761
0.049064226448535919
0.057078059762716293
-1.077187538146972656
0.001000000047497451
0.001000000047497451
0.001000000047497451
0.001000000047497451
0.001000000047497451
0.001000000047497451
0.001000000047497451
0.001000000047497451
0.001000000047497451
0.001000000047497451
0.001000000047497451
0.001000000047497451
0.001000000047497451
0.001000000047497451
0.001000000047497451
0.196567833423614502
-0.087510779500007629
0.075842432677745819
-0.068173818290233612
0.019410204142332077
-0.028035504743456841
-0.022982036694884300
-0.013678322546184063
-0.063278101384639740
0.089940369129180908
0.007593397051095963
0.068781368434429169
-0.026627387851476669
0.064214438199996948
0.000280023697996512
0.075382754206657410
0.018575448542833328
-0.053922824561595917
0.048204634338617325
0.000773372128605843
-0.039051640778779984
-0.039016906172037125
0.036828406155109406
-0.059733368456363678
-0.011507196351885796
-0.044784259051084518
0.004813262727111578
-0.035993535071611404
0.101489543914794922
-0.147576794028282166
0.204123377799987793
-0.179819747805595398
0.087853841483592987
0.013369091786444187
0.053069971501827240
0.069592736661434174
0.014732429757714272
0.120404258370399475
0.014572608284652233
0.156903386116027832
-0.025754267349839211
0.105017140507698059
-0.062681511044502258
0.083526313304901123
-0.054865702986717224
0.087026067078113556
-0.103429690003395081
0.081428714096546173
-0.014934852719306946
0.040563493967056274
-0.062323316931724548
0.021602572873234749
0.002021961379796267
-0.057945426553487778
0.026215907186269760
-0.182944416999816895
0.090530678629875183
-0.088732376694679260
0.032099332660436630
0.083862222731113434
-0.018818736076354980
0.050993651151657104
-0.058648332953453064
0.028091730549931526
0.046676598489284515
0.034382198005914688
-0.013373874127864838
0.043405991047620773
0.084821403026580811
0.002284093992784619
0.079079449176788330
0.010395159013569355
0.076376006007194519
0.034338507801294327
0.023677513003349304
0.087180338799953461
0.026264688000082970
0.036224480718374252
0.061215706169605255
0.083936750888824463
0.045373599976301193
0.044745229184627533
0.021636137738823891
0.076573118567466736
0.038513295352458954
0.115513302385807037
-0.031067181378602982
0.095593892037868500
0.025856398046016693
0.115852698683738708
0.013473841361701488
0.035111662000417709
0.091292850673198700
-0.039078164845705032
0.078788295388221741
-0.027002921327948570
0.000323705258779228
0.070583201944828033
0.002028189133852720
0.029442911967635155
-0.001626637065783143
0.091873757541179657
0.019871227443218231
0.064333237707614899
0.026824409142136574
-0.002636480377987027
0.114312022924423218
-0.030797116458415985
0.087398581206798553
-0.015502396039664745
0.068815186619758606
0.026583235710859299
0.057405933737754822
0.033724438399076462
0.042491063475608826
0.055662468075752258
0.055829808115959167
0.024408241733908653
0.045469049364328384
0.121449612081050873
0.063903868198394775
-0.008907434530556202
0.082908958196640015
-0.028391474857926369
0.134509846568107605
0.030098903924226761
0.049064226448535919
0.057078059762716293
-1.077187538146972656
0.001000000047497451
0.001000000047497451
0.001000000047497451
0.001000000047497451
0.001000000047497451
0.001000000047497451
0.001000000047497451
0.001000000047497451
0.001000000047497451
0.001000000047497451
0.001000000047497451
0.001000000047497451
0.001000000047497451
0.001000000047497451
0.001000000047497451
0.196567833423614502
-0.087510779500007629
0.075842432677745819
-0.068173818290233612
0.019410204142332077
-0.028035504743456841
-0.022982036694884300
-0.013678322546184063
-0.063278101384639740
0.089940369129180908
0.007593397051095963
0.068781368434429169
-0.026627387851476669
0.064214438199996948
0.000280023697996512
0.075382754206657410
0.018575448542833328
-0.053922824561595917
0.048204634338617325
0.000773372128605843
-0.039051640778779984
-0.039016906172037125
0.036828406155109406
-0.059733368456363678
-0.011507196351885796
-0.044784259051084518
0.004813262727111578
-0.035993535071611404
0.101489543914794922
-0.147576794028282166
0.204123377799987793
-0.179819747805595398
0.087853841483592987
0.013369091786444187
0.053069971501827240
0.069592736661434174
0.014732429757714272
0.120404258370399475
0.014572608284652233
0.156903386116027832
-0.025754267349839211
0.105017140507698059
-0.062681511044502258
0.083526313304901123
-0.054865702986717224
0.087026067078113556
-0.103429690003395081
0.081428714096546173
-0.014934852719306946
0.040563493967056274
-0.062323316931724548
0.021602572873234749
0.002021961379796267
-0.057945426553487778
0.026215907186269760
-0.182944416999816895
0.090530678629875183
-0.088732376694679260
0.032099332660436630
0.083862222731113434
-0.018818736076354980
0.050993651151657104
-0.058648332953453064
0.028091730549931526
0.046676598489284515
0.034382198005914688
-0.013373874127864838
0.043405991047620773
0.084821403026580811
0.002284093992784619
0.079079449176788330
0.010395159013569355
0.076376006007194519
0.034338507801294327
0.023677513003349304
0.087180338799953461
0.026264688000082970
0.036224480718374252
0.061215706169605255
0.083936750888824463
0.045373599976301193
0.044745229184627533
0.021636137738823891
0.076573118567466736
0.038513295352458954
0.115513302385807037
-0.031067181378602982
0.095593892037868500
0.025856398046016693
0.115852698683738708
0.013473841361701488
0.035111662000417709
0.091292850673198700
-0.039078164845705032
0.078788295388221741
-0.027002921327948570
0.000323705258779228
0.070583201944828033
0.002028189133852720
0.029442911967635155
-0.001626637065783143
0.091873757541179657
0.019871227443218231
0.064333237707614899
0.026824409142136574
-0.002636480377987027
0.114312022924423218
-0.030797116458415985
0.087398581206798553
-0.015502396039664745
0.068815186619758606
0.026583235710859299
0.057405933737754822
0.033724438399076462
0.042491063475608826
0.055662468075752258
0.055829808115959167
0.024408241733908653
0.045469049364328384
0.121449612081050873
0.063903868198394775
-0.008907434530556202
0.082908958196640015
-0.028391474857926369
0.134509846568107605
0.030098903924226761
0.049064226448535919
0.057078059762716293
-1.077187538146972656
0.001000000047497451
0.001000000047497451
0.001000000047497451
0.001000000047497451
0.001000000047497451
0.001000000047497451
0.001000000047497451
0.001000000047497451
0.001000000047497451
0.001000000047497451
0.001000000047497451
0.001000000047497451
0.001000000047497451
0.001000000047497451
0.001000000047497451
0.196567833423614502
-0.087510779500007629
0.075842432677745819
-0.068173818290233612
0.019410204142332077
-0.028035504743456841
-0.022982036694884300
-0.013678322546184063
-0.063278101384639740
0.089940369129180908
0.007593397051095963
0.068781368434429169
-0.026627387851476669
0.064214438199996948
0.000280023697996512
0.075382754206657410
0.018575448542833328
-0.053922824561595917
0.048204634338617325
0.000773372128605843
-0.039051640778779984
-0.039016906172037125
0.036828406155109406
-0.059733368456363678
-0.011507196351885796
-0.044784259051084518
0.004813262727111578
-0.035993535071611404
0.101489543914794922
-0.147576794028282166
0.204123377799987793
-0.179819747805595398
0.087853841483592987
0.013369091786444187
0.053069971501827240
0.069592736661434174
0.014732429757714272
0.120404258370399475
0.014572608284652233
0.156903386116027832
-0.025754267349839211
0.105017140507698059
-0.062681511044502258
0.083526313304901123
-0.054865702986717224
0.087026067078113556
-0.103429690003395081
0.081428714096546173
-0.014934852719306946
0.040563493967056274
-0.062323316931724548
0.021602572873234749
0.002021961379796267
-0.057945426553487778
0.026215907186269760
-0.182944416999816895
0.090530678629875183
-0.088732376694679260
0.032099332660436630
0.083862222731113434
-0.018818736076354980
0.050993651151657104
-0.058648332953453064
0.028091730549931526
0.046676598489284515
0.034382198005914688
-0.013373874127864838
0.043405991047620773
0.084821403026580811
0.002284093992784619
0.079079449176788330
0.010395159013569355
0.076376006007194519
0.034338507801294327
0.023677513003349304
0.087180338799953461
0.026264688000082970
0.036224480718374252
0.061215706169605255
0.083936750888824463
0.045373599976301193
0.044745229184627533
0.021636137738823891
0.076573118567466736
0.038513295352458954
0.115513302385807037
-0.031067181378602982
0.095593892037868500
0.025856398046016693
0.115852698683738708
0.013473841361701488
0.035111662000417709
0.091292850673198700
-0.039078164845705032
0.078788295388221741
-0.027002921327948570
0.000323705258779228
0.070583201944828033
0.002028189133852720
0.029442911967635155
-0.001626637065783143
0.091873757541179657
0.019871227443218231
0.064333237707614899
0.026824409142136574
-0.002636480377987027
0.114312022924423218
-0.030797116458415985
0.087398581206798553
-0.015502396039664745
0.068815186619758606
0.026583235710859299
0.057405933737754822
0.033724438399076462
0.042491063475608826
0.055662468075752258
0.055829808115959167
0.024408241733908653
0.045469049364328384
0.121449612081050873
0.063903868198394775
-0.008907434530556202
0.082908958196640015
-0.028391474857926369
0.134509846568107605
0.030098903924226761
0.049064226448535919
0.057078059762716293
-1.077187538146972656
